object={
	name="reeds_01_generator_1_0"
	clamp_to_water_level=no
	render_under_water=no
	generated_content=yes
	layer="grass_layer"
	pdxmesh="reeds_06_grass_mesh"
	count=100
	transform="5564.551270 0.000000 2489.195312 0.000000 0.407310 0.000000 0.913290 0.916647 0.916647 0.916647
5574.139160 0.000000 2488.898926 0.000000 0.054830 0.000000 0.998496 0.875108 0.875108 0.875108
5537.761719 0.000000 2547.385498 0.000000 0.185975 0.000000 0.982555 0.740908 0.740908 0.740908
5565.109863 0.000000 2511.856689 0.000000 0.592602 0.000000 0.805496 0.964929 0.964929 0.964929
5551.502441 0.000000 2534.839355 0.000000 0.346752 0.000000 0.937957 0.981775 0.981775 0.981775
5540.610840 0.000000 2537.669922 0.000000 0.349202 0.000000 0.937048 0.875729 0.875729 0.875729
5528.280273 0.000000 2544.083252 0.000000 0.412187 0.000000 0.911099 0.917034 0.917034 0.917034
5567.158203 0.000000 2510.750977 0.000000 0.074498 0.000000 0.997221 0.914086 0.914086 0.914086
5538.086426 0.000000 2534.105225 0.000000 0.187507 0.000000 0.982263 0.899931 0.899931 0.899931
5557.330566 0.000000 2527.350098 0.000000 0.342387 0.000000 0.939559 0.878035 0.878035 0.878035
5556.043457 0.000000 2510.318848 0.000000 0.315989 0.000000 0.948763 0.859648 0.859648 0.859648
5550.337402 0.000000 2537.561035 0.000000 0.559139 0.000000 0.829074 0.860906 0.860906 0.860906
5565.090820 0.000000 2497.799805 0.000000 0.178453 0.000000 0.983948 0.805475 0.805475 0.805475
5560.406250 0.000000 2496.930176 0.000000 0.113507 0.000000 0.993537 0.836309 0.836309 0.836309
5539.885254 0.000000 2533.791504 0.000000 0.056584 0.000000 0.998398 0.807208 0.807208 0.807208
5541.321777 0.000000 2546.974121 0.000000 0.061529 0.000000 0.998105 0.777696 0.777696 0.777696
5534.699707 0.000000 2547.156006 0.000000 0.481891 0.000000 0.876231 0.816027 0.816027 0.816027
5578.702148 0.000000 2496.177490 0.000000 0.557032 0.000000 0.830491 0.995107 0.995107 0.995107
5579.423828 0.000000 2500.996826 0.000000 0.081861 0.000000 0.996644 0.773265 0.773265 0.773265
5575.404785 0.000000 2496.728516 0.000000 0.062539 0.000000 0.998043 0.943520 0.943520 0.943520
5567.392090 0.000000 2513.968018 0.000000 0.556265 0.000000 0.831005 0.845720 0.845720 0.845720
5576.982422 0.000000 2499.371094 0.000000 0.530703 0.000000 0.847558 0.873754 0.873754 0.873754
5579.600098 0.000000 2498.432373 0.000000 0.036954 0.000000 0.999317 0.869804 0.869804 0.869804
5577.236328 0.000000 2503.958496 0.000000 0.731566 0.000000 0.681771 0.885755 0.885755 0.885755
5577.615234 0.000000 2507.331055 0.000000 0.520216 0.000000 0.854035 0.846658 0.846658 0.846658
5576.063477 0.000000 2504.650146 0.000000 0.127607 0.000000 0.991825 0.747852 0.747852 0.747852
5541.502441 0.000000 2561.888916 0.000000 0.426288 0.000000 0.904587 0.943558 0.943558 0.943558
5538.541016 0.000000 2582.390869 0.000000 0.390463 0.000000 0.920619 0.938678 0.938678 0.938678
5532.296387 0.000000 2569.478516 0.000000 0.491508 0.000000 0.870873 0.949863 0.949863 0.949863
5534.145020 0.000000 2559.447510 0.000000 0.282298 0.000000 0.959327 0.887752 0.887752 0.887752
5539.629395 0.000000 2561.760498 0.000000 0.405403 0.000000 0.914138 0.867545 0.867545 0.867545
5532.733887 0.000000 2571.166748 0.000000 0.053024 0.000000 0.998593 0.772652 0.772652 0.772652
5534.392090 0.000000 2560.865234 0.000000 0.206246 0.000000 0.978500 0.840062 0.840062 0.840062
5533.570312 0.000000 2571.999023 0.000000 0.374013 0.000000 0.927424 0.822126 0.822126 0.822126
5555.933105 0.000000 2828.592041 0.000000 0.318840 0.000000 0.947809 0.959551 0.959551 0.959551
5557.661621 0.000000 2824.334717 0.000000 0.281063 0.000000 0.959689 0.926163 0.926163 0.926163
5566.614746 0.000000 2817.862793 0.000000 0.727836 0.000000 0.685751 0.960384 0.960384 0.960384
5561.773438 0.000000 2823.311035 0.000000 0.329520 0.000000 0.944149 0.802673 0.802673 0.802673
5562.611328 0.000000 2839.922607 0.000000 0.383840 0.000000 0.923400 0.779646 0.779646 0.779646
5563.060547 0.000000 2837.066406 0.000000 0.087878 0.000000 0.996131 0.722358 0.722358 0.722358
5565.414062 0.000000 2820.989014 0.000000 0.091837 0.000000 0.995774 0.723102 0.723102 0.723102
5567.272461 0.000000 2838.696045 0.000000 0.678345 0.000000 0.734743 0.845472 0.845472 0.845472
5559.006836 0.000000 2827.589600 0.000000 0.732981 0.000000 0.680249 0.859925 0.859925 0.859925
5560.405762 0.000000 2828.352783 0.000000 0.459002 0.000000 0.888435 0.795172 0.795172 0.795172
5564.130859 0.000000 2821.174316 0.000000 0.389694 0.000000 0.920944 0.780835 0.780835 0.780835
5560.181152 0.000000 2829.830566 0.000000 0.312370 0.000000 0.949960 0.765366 0.765366 0.765366
5561.144043 0.000000 2826.004883 0.000000 0.358438 0.000000 0.933553 0.774524 0.774524 0.774524
5562.779297 0.000000 2838.770264 0.000000 0.441705 0.000000 0.897160 0.791545 0.791545 0.791545
5565.782227 0.000000 2836.677979 0.000000 0.320865 0.000000 0.947125 0.767043 0.767043 0.767043
5564.147949 0.000000 2819.084961 0.000000 0.165707 0.000000 0.986175 0.737053 0.737053 0.737053
5563.814453 0.000000 2828.904785 0.000000 0.266870 0.000000 0.963732 0.756464 0.756464 0.756464
5561.278320 0.000000 2827.415527 0.000000 0.045873 0.000000 0.998947 0.714475 0.714475 0.714475
5566.931641 0.000000 2834.728516 0.000000 0.448272 0.000000 0.893897 0.792918 0.792918 0.792918
5578.492676 0.000000 2840.383545 0.000000 0.289765 0.000000 0.957098 0.760928 0.760928 0.760928
5570.601562 0.000000 2821.183838 0.000000 0.628677 0.000000 0.777666 0.699721 0.699721 0.699721
5582.441406 0.000000 2834.661133 0.000000 0.477336 0.000000 0.878721 0.916944 0.916944 0.916944
5569.246582 0.000000 2822.683105 0.000000 0.494601 0.000000 0.869120 0.605512 0.605512 0.605512
5571.394531 0.000000 2834.956543 0.000000 0.104842 0.000000 0.994489 0.725549 0.725549 0.725549
5574.619629 0.000000 2821.860840 0.000000 0.370606 0.000000 0.928790 0.583678 0.583678 0.583678
5572.685059 0.000000 2821.341309 0.000000 0.689364 0.000000 0.724416 0.718849 0.718849 0.718849
5569.143066 0.000000 2843.193359 0.000000 0.443092 0.000000 0.896476 0.816814 0.816814 0.816814
5569.349609 0.000000 2840.310547 0.000000 0.644899 0.000000 0.764268 0.837118 0.837118 0.837118
5582.812500 0.000000 2836.432373 0.000000 0.437500 0.000000 0.899218 0.857654 0.857654 0.857654
5577.004395 0.000000 2834.152344 0.000000 0.374219 0.000000 0.927340 0.866620 0.866620 0.866620
5571.082520 0.000000 2843.258301 0.000000 0.378734 0.000000 0.925506 0.846504 0.846504 0.846504
5574.482910 0.000000 2835.565918 0.000000 0.717886 0.000000 0.696161 0.855818 0.855818 0.855818
5567.387695 0.000000 2830.314697 0.000000 0.189577 0.000000 0.981866 0.813948 0.813948 0.813948
5581.900391 0.000000 2841.609375 0.000000 0.407008 0.000000 0.913425 0.784369 0.784369 0.784369
5577.978516 0.000000 2831.956787 0.000000 0.095028 0.000000 0.995475 0.738438 0.738438 0.738438
5580.184082 0.000000 2840.856934 0.000000 0.069502 0.000000 0.997582 0.718907 0.718907 0.718907
5571.674805 0.000000 2829.604248 0.000000 0.663244 0.000000 0.748403 0.883884 0.883884 0.883884
5583.702148 0.000000 2829.232666 0.000000 0.088061 0.000000 0.996115 0.722392 0.722392 0.722392
5579.006836 0.000000 2839.064453 0.000000 0.460771 0.000000 0.887519 0.858245 0.858245 0.858245
5572.811035 0.000000 2830.665771 0.000000 0.582107 0.000000 0.813112 0.822219 0.822219 0.822219
5572.251465 0.000000 2827.334229 0.000000 0.695385 0.000000 0.718638 0.849862 0.849862 0.849862
5571.359863 0.000000 2838.783447 0.000000 0.504747 0.000000 0.863267 0.804949 0.804949 0.804949
5580.833496 0.000000 2827.067383 0.000000 0.666960 0.000000 0.745094 0.842591 0.842591 0.842591
5572.269043 0.000000 2822.472656 0.000000 0.607788 0.000000 0.794099 0.713670 0.713670 0.713670
5570.087402 0.000000 2825.928467 0.000000 0.144445 0.000000 0.989513 0.565718 0.565718 0.565718
5568.491211 0.000000 2825.164795 0.000000 0.294287 0.000000 0.955717 0.628428 0.628428 0.628428
5572.080566 0.000000 2823.780762 0.000000 0.579778 0.000000 0.814775 0.702804 0.702804 0.702804
5570.887207 0.000000 2836.042236 0.000000 0.390289 0.000000 0.920692 0.780956 0.780956 0.780956
5580.077148 0.000000 2839.559082 0.000000 0.104096 0.000000 0.994567 0.725409 0.725409 0.725409
5575.331543 0.000000 2832.799316 0.000000 0.041134 0.000000 0.999154 0.713587 0.713587 0.713587
5573.931152 0.000000 2833.124023 0.000000 0.045269 0.000000 0.998975 0.714361 0.714361 0.714361
5578.691406 0.000000 2823.849609 0.000000 0.606320 0.000000 0.795221 0.655712 0.655712 0.655712
5573.764160 0.000000 2821.051514 0.000000 0.287464 0.000000 0.957791 0.556085 0.556085 0.556085
5582.663574 0.000000 2827.404053 0.000000 0.483467 0.000000 0.875363 0.811013 0.811013 0.811013
5573.417969 0.000000 2842.553223 0.000000 0.301531 0.000000 0.953456 0.763234 0.763234 0.763234
5576.946777 0.000000 2831.480713 0.000000 0.197817 0.000000 0.980239 0.756866 0.756866 0.756866
5581.785645 0.000000 2836.790771 0.000000 0.623688 0.000000 0.781673 0.831980 0.831980 0.831980
5573.719727 0.000000 2831.241699 0.000000 0.435738 0.000000 0.900073 0.790302 0.790302 0.790302
5575.648926 0.000000 2821.599854 0.000000 0.109778 0.000000 0.993956 0.489427 0.489427 0.489427
5576.629883 0.000000 2821.198975 0.000000 0.297282 0.000000 0.954790 0.581824 0.581824 0.581824
5581.887207 0.000000 2821.648682 0.000000 0.705034 0.000000 0.709174 0.836648 0.836648 0.836648
5570.834473 0.000000 2825.189453 0.000000 0.440725 0.000000 0.897642 0.660580 0.660580 0.660580
5577.501465 0.000000 2821.816406 0.000000 0.066451 0.000000 0.997790 0.504268 0.504268 0.504268
5574.182617 0.000000 2822.771973 0.000000 0.616615 0.000000 0.787264 0.660584 0.660584 0.660584
5578.537109 0.000000 2820.509521 0.000000 0.090496 0.000000 0.995897 0.523302 0.523302 0.523302
5579.173828 0.000000 2822.083252 0.000000 0.111989 0.000000 0.993709 0.453791 0.453791 0.453791
"}
object={
	name="reeds_01_generator_1_1"
	clamp_to_water_level=no
	render_under_water=no
	generated_content=yes
	layer="grass_layer"
	pdxmesh="reeds_07_grass_mesh"
	count=80
	transform="5558.982910 0.000000 2489.156738 0.000000 0.947431 0.000000 0.319959 0.991869 0.991869 0.991869
5576.226562 0.000000 2490.052979 0.000000 0.993720 0.000000 0.111899 0.996081 0.996081 0.996081
5572.493652 0.000000 2488.323730 0.000000 0.924507 0.000000 0.381164 0.965830 0.965830 0.965830
5561.739258 0.000000 2508.916016 0.000000 0.861006 0.000000 0.508594 0.986680 0.986680 0.986680
5531.997070 0.000000 2547.800293 0.000000 0.807610 0.000000 0.589717 0.984254 0.984254 0.984254
5558.024414 0.000000 2506.654541 0.000000 0.994378 0.000000 0.105888 0.987287 0.987287 0.987287
5539.342285 0.000000 2532.531250 0.000000 0.842375 0.000000 0.538892 0.927537 0.927537 0.927537
5525.812012 0.000000 2558.098145 0.000000 0.802905 0.000000 0.596107 0.948979 0.948979 0.948979
5562.308594 0.000000 2505.943848 0.000000 0.847544 0.000000 0.530725 0.930165 0.930165 0.930165
5534.847656 0.000000 2548.355225 0.000000 0.978633 0.000000 0.205616 0.991728 0.991728 0.991728
5555.933105 0.000000 2508.670166 0.000000 0.960054 0.000000 0.279816 0.979467 0.979467 0.979467
5539.790527 0.000000 2535.136963 0.000000 0.917288 0.000000 0.398225 0.970346 0.970346 0.970346
5536.878906 0.000000 2544.970947 0.000000 0.827308 0.000000 0.561749 0.918095 0.918095 0.918095
5540.082520 0.000000 2546.782471 0.000000 0.991632 0.000000 0.129094 0.980932 0.980932 0.980932
5560.037109 0.000000 2511.295410 0.000000 0.954625 0.000000 0.297812 0.946398 0.946398 0.946398
5533.773438 0.000000 2546.308105 0.000000 0.941217 0.000000 0.337803 0.967310 0.967310 0.967310
5536.818359 0.000000 2549.359375 0.000000 0.818601 0.000000 0.574362 0.929737 0.929737 0.929737
5524.542969 0.000000 2556.386475 0.000000 0.814566 0.000000 0.580071 0.933569 0.933569 0.933569
5557.543945 0.000000 2508.857666 0.000000 0.983396 0.000000 0.181475 0.958997 0.958997 0.958997
5566.441406 0.000000 2512.535400 0.000000 0.982045 0.000000 0.188649 0.970150 0.970150 0.970150
5544.354004 0.000000 2528.506592 0.000000 0.892737 0.000000 0.450578 0.931152 0.931152 0.931152
5557.177734 0.000000 2519.730713 0.000000 0.946823 0.000000 0.321754 0.950113 0.950113 0.950113
5561.692383 0.000000 2511.941162 0.000000 0.738249 0.000000 0.674528 0.868774 0.868774 0.868774
5557.705566 0.000000 2509.998535 0.000000 0.950810 0.000000 0.309775 0.929233 0.929233 0.929233
5576.541504 0.000000 2502.290527 0.000000 0.941611 0.000000 0.336701 0.947702 0.947702 0.947702
5577.675293 0.000000 2500.910645 0.000000 0.755839 0.000000 0.654757 0.885940 0.885940 0.885940
5576.515625 0.000000 2506.738525 0.000000 0.948360 0.000000 0.317196 0.951651 0.951651 0.951651
5577.532715 0.000000 2496.273193 0.000000 0.838221 0.000000 0.545330 0.912162 0.912162 0.912162
5538.824219 0.000000 2559.937500 0.000000 0.981299 0.000000 0.192487 0.989361 0.989361 0.989361
5524.902832 0.000000 2559.729004 0.000000 0.780399 0.000000 0.625282 0.946035 0.946035 0.946035
5522.967285 0.000000 2568.398682 0.000000 0.973038 0.000000 0.230645 0.992446 0.992446 0.992446
5516.926758 0.000000 2580.158447 0.000000 0.914021 0.000000 0.405666 0.959330 0.959330 0.959330
5535.991211 0.000000 2574.778564 0.000000 0.761709 0.000000 0.647920 0.952488 0.952488 0.952488
5535.904297 0.000000 2561.180420 0.000000 0.916081 0.000000 0.400994 0.951586 0.951586 0.951586
5534.040039 0.000000 2573.196289 0.000000 0.927390 0.000000 0.374095 0.979898 0.979898 0.979898
5560.855469 0.000000 2821.638672 0.000000 0.896919 0.000000 0.442194 0.972555 0.972555 0.972555
5565.585449 0.000000 2837.788818 0.000000 0.913190 0.000000 0.407533 0.921405 0.921405 0.921405
5561.171387 0.000000 2836.772461 0.000000 0.983819 0.000000 0.179164 0.966271 0.966271 0.966271
5566.793457 0.000000 2841.156006 0.000000 0.961030 0.000000 0.276443 0.947555 0.947555 0.947555
5556.918457 0.000000 2827.487549 0.000000 0.804162 0.000000 0.594411 0.880815 0.880815 0.880815
5561.758301 0.000000 2840.862549 0.000000 0.995891 0.000000 0.090565 0.984604 0.984604 0.984604
5564.275391 0.000000 2837.333252 0.000000 0.992031 0.000000 0.125992 0.976346 0.976346 0.976346
5585.695312 0.000000 2828.620605 0.000000 0.914320 0.000000 0.404992 0.961484 0.961484 0.961484
5582.476562 0.000000 2829.941895 0.000000 0.852700 0.000000 0.522400 0.897080 0.897080 0.897080
5575.322754 0.000000 2841.434326 0.000000 0.996274 0.000000 0.086248 0.985556 0.985556 0.985556
5581.868652 0.000000 2820.573975 0.000000 0.811053 0.000000 0.584973 0.870523 0.870523 0.870523
5581.338379 0.000000 2822.525146 0.000000 0.980194 0.000000 0.198039 0.940773 0.940773 0.940773
5582.014160 0.000000 2837.905518 0.000000 0.902656 0.000000 0.430364 0.943354 0.943354 0.943354
5568.766602 0.000000 2829.205811 0.000000 0.984503 0.000000 0.175366 0.966994 0.966994 0.966994
5575.287598 0.000000 2818.525391 0.000000 0.962912 0.000000 0.269816 0.980220 0.980220 0.980220
5580.245605 0.000000 2838.393799 0.000000 0.889817 0.000000 0.456317 0.911275 0.911275 0.911275
5575.821289 0.000000 2820.571045 0.000000 0.963518 0.000000 0.267644 0.905299 0.905299 0.905299
5575.228516 0.000000 2837.083252 0.000000 0.913774 0.000000 0.406222 0.921674 0.921674 0.921674
5576.109863 0.000000 2842.905273 0.000000 0.983171 0.000000 0.182689 0.965600 0.965600 0.965600
5577.615234 0.000000 2827.252930 0.000000 0.904612 0.000000 0.426235 0.917553 0.917553 0.917553
5575.598145 0.000000 2831.001953 0.000000 0.741744 0.000000 0.670684 0.862353 0.862353 0.862353
5582.870605 0.000000 2839.445312 0.000000 0.995988 0.000000 0.089485 0.983222 0.983222 0.983222
5571.443848 0.000000 2832.722656 0.000000 0.942391 0.000000 0.334513 0.936134 0.936134 0.936134
5568.386230 0.000000 2838.805664 0.000000 0.985263 0.000000 0.171045 0.967815 0.967815 0.967815
5579.449219 0.000000 2836.343018 0.000000 0.794787 0.000000 0.606889 0.925107 0.925107 0.925107
5571.827637 0.000000 2841.966797 0.000000 0.812249 0.000000 0.583311 0.883386 0.883386 0.883386
5567.379395 0.000000 2820.082275 0.000000 0.896590 0.000000 0.442861 0.901497 0.901497 0.901497
5567.936523 0.000000 2823.234863 0.000000 0.950632 0.000000 0.310322 0.901533 0.901533 0.901533
5571.736328 0.000000 2820.413574 0.000000 0.758756 0.000000 0.651374 0.760910 0.760910 0.760910
5581.082031 0.000000 2825.206299 0.000000 0.814486 0.000000 0.580184 0.884106 0.884106 0.884106
5580.770020 0.000000 2821.156982 0.000000 0.819565 0.000000 0.572986 0.873570 0.873570 0.873570
5582.832520 0.000000 2840.721924 0.000000 0.849610 0.000000 0.527412 0.895978 0.895978 0.895978
5570.760254 0.000000 2824.211426 0.000000 0.906545 0.000000 0.422109 0.867273 0.867273 0.867273
5580.371094 0.000000 2837.183350 0.000000 0.820053 0.000000 0.572288 0.885915 0.885915 0.885915
5575.783691 0.000000 2825.704102 0.000000 0.801894 0.000000 0.597466 0.846531 0.846531 0.846531
5581.667480 0.000000 2831.842773 0.000000 0.990330 0.000000 0.138730 0.974288 0.974288 0.974288
5581.518066 0.000000 2834.022217 0.000000 0.846711 0.000000 0.532052 0.894953 0.894953 0.894953
5583.431641 0.000000 2830.493896 0.000000 0.739421 0.000000 0.673244 0.869082 0.869082 0.869082
5568.753906 0.000000 2836.468506 0.000000 0.809986 0.000000 0.586449 0.882662 0.882662 0.882662
5575.334961 0.000000 2834.889893 0.000000 0.927335 0.000000 0.374231 0.928180 0.928180 0.928180
5568.458496 0.000000 2833.564941 0.000000 0.882640 0.000000 0.470049 0.908374 0.908374 0.908374
5569.093750 0.000000 2837.951416 0.000000 0.971144 0.000000 0.238494 0.954910 0.954910 0.954910
5580.607910 0.000000 2831.911621 0.000000 0.828007 0.000000 0.560718 0.890030 0.890030 0.890030
5569.746582 0.000000 2820.342285 0.000000 0.898589 0.000000 0.438791 0.872985 0.872985 0.872985
5576.526367 0.000000 2823.199219 0.000000 0.756513 0.000000 0.653978 0.733057 0.733057 0.733057
"}
object={
	name="reeds_01_generator_1_2"
	clamp_to_water_level=no
	render_under_water=no
	generated_content=yes
	layer="grass_layer"
	pdxmesh="reeds_01_tall_grass_mesh"
	count=197
	transform="5559.318359 0.000000 2491.707275 0.000000 0.193682 0.000000 -0.981064 1.171748 1.171748 1.171748
5572.882324 0.000000 2489.962158 0.000000 0.949844 0.000000 -0.312725 1.027792 1.027792 1.027792
5576.581543 0.000000 2486.232910 0.000000 0.999666 0.000000 0.025833 0.998387 0.998387 0.998387
5575.644043 0.000000 2488.142822 0.000000 0.510747 0.000000 -0.859731 1.085248 1.085248 1.085248
5574.546387 0.000000 2490.716553 0.000000 0.123834 0.000000 -0.992303 1.144465 1.144465 1.144465
5575.874512 0.000000 2493.178223 0.000000 0.941766 0.000000 -0.336268 1.056509 1.056509 1.056509
5574.720215 0.000000 2493.964844 0.000000 0.988161 0.000000 -0.153419 1.025379 1.025379 1.025379
5555.025391 0.000000 2532.225098 0.000000 0.707141 0.000000 -0.707073 1.068623 1.068623 1.068623
5531.833008 0.000000 2558.364014 0.000000 0.675669 0.000000 -0.737206 1.082778 1.082778 1.082778
5534.027344 0.000000 2544.057861 0.000000 0.050861 0.000000 -0.998706 1.110041 1.110041 1.110041
5536.996094 0.000000 2536.259277 0.000000 0.830860 0.000000 -0.556482 1.014733 1.014733 1.014733
5529.033203 0.000000 2551.182373 0.000000 0.192321 0.000000 -0.981332 1.199428 1.199428 1.199428
5551.181641 0.000000 2504.264893 0.000000 0.953648 0.000000 -0.300925 1.006868 1.006868 1.006868
5557.440918 0.000000 2511.171631 0.000000 0.673121 0.000000 -0.739533 1.093513 1.093513 1.093513
5565.342773 0.000000 2505.658447 0.000000 0.983656 0.000000 -0.180056 1.025311 1.025311 1.025311
5561.431641 0.000000 2513.182129 0.000000 0.690378 0.000000 -0.723449 1.050479 1.050479 1.050479
5561.706055 0.000000 2497.358887 0.000000 0.201157 0.000000 -0.979559 1.153716 1.153716 1.153716
5535.532227 0.000000 2559.139893 0.000000 0.934851 0.000000 -0.355041 1.031715 1.031715 1.031715
5556.244629 0.000000 2529.203613 0.000000 0.636189 0.000000 -0.771533 1.052802 1.052802 1.052802
5530.274414 0.000000 2544.891846 0.000000 0.546771 0.000000 -0.837282 1.052024 1.052024 1.052024
5547.693359 0.000000 2528.462891 0.000000 0.993880 0.000000 -0.110468 1.009672 1.009672 1.009672
5538.080078 0.000000 2539.419434 0.000000 0.947320 0.000000 -0.320290 1.018721 1.018721 1.018721
5536.273438 0.000000 2533.308350 0.000000 0.840519 0.000000 -0.541782 1.032876 1.032876 1.032876
5536.468262 0.000000 2553.796631 0.000000 0.328258 0.000000 -0.944588 1.135809 1.135809 1.135809
5528.996582 0.000000 2548.081787 0.000000 0.769703 0.000000 -0.638402 1.038031 1.038031 1.038031
5551.948242 0.000000 2537.407227 0.000000 0.995872 0.000000 -0.090771 1.012935 1.012935 1.012935
5549.398926 0.000000 2536.277588 0.000000 0.709234 0.000000 -0.704973 1.050785 1.050785 1.050785
5566.209473 0.000000 2513.983154 0.000000 0.941263 0.000000 -0.337676 1.054175 1.054175 1.054175
5553.477051 0.000000 2503.320068 0.000000 0.862474 0.000000 -0.506102 1.038420 1.038420 1.038420
5538.781738 0.000000 2558.636719 0.000000 0.816927 0.000000 -0.576742 1.033764 1.033764 1.033764
5557.316895 0.000000 2532.395264 0.000000 0.995151 0.000000 -0.098360 1.004919 1.004919 1.004919
5560.232422 0.000000 2507.031006 0.000000 0.962906 0.000000 -0.269835 1.012278 1.012278 1.012278
5535.865723 0.000000 2546.679199 0.000000 0.762338 0.000000 -0.647179 1.121251 1.121251 1.121251
5538.733887 0.000000 2537.077148 0.000000 0.997192 0.000000 -0.074884 1.010853 1.010853 1.010853
5536.488770 0.000000 2551.833496 0.000000 0.360246 0.000000 -0.932857 1.108054 1.108054 1.108054
5541.546387 0.000000 2535.712402 0.000000 0.555167 0.000000 -0.831739 1.068661 1.068661 1.068661
5556.303711 0.000000 2518.728027 0.000000 0.996970 0.000000 0.077792 0.988141 0.988141 0.988141
5524.228027 0.000000 2558.416748 0.000000 0.991914 0.000000 -0.126908 1.010166 1.010166 1.010166
5555.568359 0.000000 2533.726562 0.000000 0.997673 0.000000 -0.068175 1.005962 1.005962 1.005962
5563.806641 0.000000 2505.680176 0.000000 0.996650 0.000000 -0.081784 1.010220 1.010220 1.010220
5561.305176 0.000000 2510.419434 0.000000 0.986113 0.000000 -0.166078 1.029575 1.029575 1.029575
5566.677734 0.000000 2505.050781 0.000000 0.312404 0.000000 -0.949949 1.162675 1.162675 1.162675
5550.850586 0.000000 2536.117188 0.000000 0.938029 0.000000 -0.346557 1.050361 1.050361 1.050361
5536.334961 0.000000 2548.003906 0.000000 0.984316 0.000000 -0.176417 1.020367 1.020367 1.020367
5559.006836 0.000000 2507.667725 0.000000 0.859398 0.000000 -0.511307 1.064316 1.064316 1.064316
5562.397949 0.000000 2504.626465 0.000000 0.999799 0.000000 0.020044 0.997498 0.997498 0.997498
5537.165039 0.000000 2546.179443 0.000000 0.998102 0.000000 0.061578 0.988463 0.988463 0.988463
5556.712891 0.000000 2509.501953 0.000000 0.919271 0.000000 -0.393624 1.090903 1.090903 1.090903
5576.996094 0.000000 2505.635986 0.000000 0.342811 0.000000 -0.939404 1.213361 1.213361 1.213361
5569.665527 0.000000 2515.968994 0.000000 0.955853 0.000000 -0.293846 1.052866 1.052866 1.052866
5573.376465 0.000000 2516.831055 0.000000 0.962165 0.000000 -0.272468 1.035136 1.035136 1.035136
5567.392578 0.000000 2504.639648 0.000000 0.100326 0.000000 -0.994955 1.190875 1.190875 1.190875
5577.194336 0.000000 2497.395020 0.000000 0.130083 0.000000 -0.991503 1.219349 1.219349 1.219349
5567.566895 0.000000 2512.314453 0.000000 0.443399 0.000000 -0.896324 1.174805 1.174805 1.174805
5578.590332 0.000000 2499.654541 0.000000 0.442738 0.000000 -0.896651 1.094402 1.094402 1.094402
5569.017578 0.000000 2514.617432 0.000000 0.971607 0.000000 -0.236600 1.042340 1.042340 1.042340
5538.423340 0.000000 2584.984131 0.000000 0.074631 0.000000 -0.997211 1.130728 1.130728 1.130728
5529.518066 0.000000 2587.214355 0.000000 0.500129 0.000000 -0.865951 1.065350 1.065350 1.065350
5524.706055 0.000000 2571.000732 0.000000 0.768051 0.000000 -0.640389 1.058994 1.058994 1.058994
5522.166016 0.000000 2584.265869 0.000000 0.987958 0.000000 -0.154722 1.004266 1.004266 1.004266
5526.389160 0.000000 2562.090088 0.000000 0.762070 0.000000 -0.647494 1.028133 1.028133 1.028133
5530.725098 0.000000 2559.495850 0.000000 0.074128 0.000000 -0.997249 1.149453 1.149453 1.149453
5522.641113 0.000000 2586.818359 0.000000 0.815063 0.000000 -0.579372 1.026227 1.026227 1.026227
5530.858887 0.000000 2561.852051 0.000000 0.998269 0.000000 0.058818 0.995445 0.995445 0.995445
5522.542480 0.000000 2570.658447 0.000000 0.699539 0.000000 -0.714595 1.077507 1.077507 1.077507
5520.634277 0.000000 2587.844727 0.000000 0.597003 0.000000 -0.802239 1.058109 1.058109 1.058109
5532.109863 0.000000 2572.629150 0.000000 0.999643 0.000000 0.026720 0.997998 0.997998 0.997998
5537.778320 0.000000 2575.436035 0.000000 0.850776 0.000000 -0.525528 1.052494 1.052494 1.052494
5524.770996 0.000000 2569.080566 0.000000 0.376587 0.000000 -0.926381 1.097602 1.097602 1.097602
5529.492676 0.000000 2585.419922 0.000000 0.124529 0.000000 -0.992216 1.119126 1.119126 1.119126
5532.569824 0.000000 2592.522705 0.000000 0.799828 0.000000 -0.600229 1.043396 1.043396 1.043396
5539.844238 0.000000 2584.128174 0.000000 0.327373 0.000000 -0.944895 1.108112 1.108112 1.108112
5556.212891 0.000000 2822.615723 0.000000 0.930064 0.000000 -0.367397 1.005635 1.005635 1.005635
5565.342773 0.000000 2825.580322 0.000000 0.328573 0.000000 -0.944479 1.095658 1.095658 1.095658
5565.987793 0.000000 2839.628174 0.000000 0.942348 0.000000 -0.334634 1.063890 1.063890 1.063890
5558.559082 0.000000 2839.093750 0.000000 0.464606 0.000000 -0.885518 1.051590 1.051590 1.051590
5567.308105 0.000000 2837.181885 0.000000 0.805852 0.000000 -0.592117 1.118652 1.118652 1.118652
5565.820312 0.000000 2842.368896 0.000000 0.987450 0.000000 -0.157932 1.016630 1.016630 1.016630
5562.192383 0.000000 2835.656738 0.000000 0.010309 0.000000 -0.999947 1.074021 1.074021 1.074021
5560.541016 0.000000 2840.577393 0.000000 0.044648 0.000000 -0.999003 1.259084 1.259084 1.259084
5566.209473 0.000000 2833.905029 0.000000 0.679362 0.000000 -0.733803 1.053480 1.053480 1.053480
5563.982422 0.000000 2838.531494 0.000000 0.431934 0.000000 -0.901905 1.210489 1.210489 1.210489
5563.664062 0.000000 2818.071289 0.000000 0.965187 0.000000 -0.261562 1.036338 1.036338 1.036338
5564.228027 0.000000 2840.728760 0.000000 0.993039 0.000000 -0.117783 1.022105 1.022105 1.022105
5558.197754 0.000000 2822.376465 0.000000 0.984238 0.000000 -0.176848 1.025299 1.025299 1.025299
5559.288086 0.000000 2825.301758 0.000000 0.458314 0.000000 -0.888790 1.204973 1.204973 1.204973
5566.915039 0.000000 2820.152832 0.000000 0.999322 0.000000 0.036808 0.992095 0.992095 0.992095
5563.504883 0.000000 2820.023926 0.000000 0.532396 0.000000 -0.846495 1.186475 1.186475 1.186475
5566.368652 0.000000 2835.648438 0.000000 0.961794 0.000000 -0.273776 1.051925 1.051925 1.051925
5560.993164 0.000000 2824.812988 0.000000 0.977294 0.000000 -0.211888 1.039977 1.039977 1.039977
5564.209961 0.000000 2842.548340 0.000000 0.913965 0.000000 -0.405793 1.043813 1.043813 1.043813
5560.238770 0.000000 2839.029785 0.000000 0.525098 0.000000 -0.851042 1.190605 1.190605 1.190605
5562.928223 0.000000 2829.594482 0.000000 0.987494 0.000000 -0.157659 1.029644 1.029644 1.029644
5562.397949 0.000000 2824.548340 0.000000 0.998704 0.000000 -0.050893 1.009533 1.009533 1.009533
5565.500488 0.000000 2840.963867 0.000000 0.098594 0.000000 -0.995128 1.275627 1.275627 1.275627
5562.405762 0.000000 2818.442139 0.000000 0.463564 0.000000 -0.886064 1.149501 1.149501 1.149501
5561.427734 0.000000 2839.479980 0.000000 0.299197 0.000000 -0.954191 1.237224 1.237224 1.237224
5562.921875 0.000000 2822.973633 0.000000 0.900657 0.000000 -0.434530 1.084168 1.084168 1.084168
5564.725586 0.000000 2839.463867 0.000000 0.975786 0.000000 -0.218729 1.041289 1.041289 1.041289
5566.424805 0.000000 2819.072021 0.000000 0.999324 0.000000 0.036760 0.993115 0.993115 0.993115
5560.084961 0.000000 2841.708008 0.000000 0.332740 0.000000 -0.943018 1.209081 1.209081 1.209081
5566.746094 0.000000 2823.473389 0.000000 0.347952 0.000000 -0.937512 1.379291 1.379291 1.379291
5561.910645 0.000000 2822.131592 0.000000 0.812147 0.000000 -0.583452 1.099538 1.099538 1.099538
5557.705566 0.000000 2829.920410 0.000000 0.981272 0.000000 -0.192626 1.032423 1.032423 1.032423
5562.831055 0.000000 2828.461426 0.000000 0.650461 0.000000 -0.759540 1.161515 1.161515 1.161515
5563.160156 0.000000 2840.889893 0.000000 0.502317 0.000000 -0.864684 1.195577 1.195577 1.195577
5559.281738 0.000000 2826.468018 0.000000 0.898802 0.000000 -0.438356 1.084964 1.084964 1.084964
5563.608887 0.000000 2839.570557 0.000000 0.278309 0.000000 -0.960492 1.241310 1.241310 1.241310
5566.600098 0.000000 2821.176758 0.000000 0.811671 0.000000 -0.584115 1.133929 1.133929 1.133929
5571.489746 0.000000 2816.566162 0.000000 0.741689 0.000000 -0.670744 1.029368 1.029368 1.029368
5573.376465 0.000000 2836.752930 0.000000 0.250960 0.000000 -0.967997 1.246620 1.246620 1.246620
5581.238770 0.000000 2832.897217 0.000000 0.251946 0.000000 -0.967741 1.170857 1.170857 1.170857
5567.370605 0.000000 2843.296143 0.000000 0.820861 0.000000 -0.571128 1.084985 1.084985 1.084985
5581.363770 0.000000 2839.875488 0.000000 0.472162 0.000000 -0.881512 1.202043 1.202043 1.202043
5578.538086 0.000000 2837.569824 0.000000 0.345797 0.000000 -0.938309 1.139843 1.139843 1.139843
5571.854004 0.000000 2819.095703 0.000000 0.576642 0.000000 -0.816997 1.179037 1.179037 1.179037
5569.886230 0.000000 2818.231445 0.000000 0.548869 0.000000 -0.835908 1.158147 1.158147 1.158147
5572.794922 0.000000 2828.598633 0.000000 0.477245 0.000000 -0.878770 1.200962 1.200962 1.200962
5568.106445 0.000000 2837.331299 0.000000 0.879158 0.000000 -0.476531 1.093004 1.093004 1.093004
5581.825684 0.000000 2843.951172 0.000000 0.984029 0.000000 -0.178006 1.018318 1.018318 1.018318
5584.555664 0.000000 2830.358887 0.000000 0.071188 0.000000 -0.997463 1.119798 1.119798 1.119798
5569.336914 0.000000 2826.886475 0.000000 0.062679 0.000000 -0.998034 1.176954 1.176954 1.176954
5573.203613 0.000000 2841.464600 0.000000 0.179056 0.000000 -0.983839 1.260409 1.260409 1.260409
5577.941406 0.000000 2835.789551 0.000000 0.122690 0.000000 -0.992445 1.162652 1.162652 1.162652
5582.814453 0.000000 2831.882324 0.000000 0.232603 0.000000 -0.972572 1.236820 1.236820 1.236820
5579.591309 0.000000 2832.413330 0.000000 0.988536 0.000000 -0.150986 1.028379 1.028379 1.028379
5577.675293 0.000000 2820.832520 0.000000 0.988732 0.000000 -0.149697 1.049518 1.049518 1.049518
5570.199707 0.000000 2830.111816 0.000000 0.192935 0.000000 -0.981211 1.257764 1.257764 1.257764
5567.866699 0.000000 2835.555176 0.000000 0.857267 0.000000 -0.514872 1.101271 1.101271 1.101271
5580.488770 0.000000 2834.435303 0.000000 0.874762 0.000000 -0.484554 1.094716 1.094716 1.094716
5574.289062 0.000000 2840.122070 0.000000 0.829617 0.000000 -0.558334 1.099086 1.099086 1.099086
5568.326660 0.000000 2841.738281 0.000000 0.566453 0.000000 -0.824094 1.181362 1.181362 1.181362
5576.905273 0.000000 2837.221191 0.000000 0.378456 0.000000 -0.925619 1.109246 1.109246 1.109246
5578.886719 0.000000 2841.921387 0.000000 0.997680 0.000000 -0.068080 1.012757 1.012757 1.012757
5572.884766 0.000000 2832.108643 0.000000 0.999999 0.000000 0.001687 0.999684 0.999684 0.999684
5579.311523 0.000000 2843.519043 0.000000 0.786029 0.000000 -0.618190 1.124784 1.124784 1.124784
5569.017578 0.000000 2834.539307 0.000000 0.993448 0.000000 -0.114282 1.021159 1.021159 1.021159
5572.877441 0.000000 2835.305664 0.000000 0.997370 0.000000 -0.072475 1.013582 1.013582 1.013582
5573.255859 0.000000 2824.721680 0.000000 0.958281 0.000000 -0.285828 1.028947 1.028947 1.028947
5570.482910 0.000000 2819.668457 0.000000 0.209538 0.000000 -0.977800 1.254591 1.254591 1.254591
5570.144531 0.000000 2831.844482 0.000000 0.814291 0.000000 -0.580457 1.115957 1.115957 1.115957
5568.931641 0.000000 2832.569092 0.000000 0.459728 0.000000 -0.888060 1.204675 1.204675 1.204675
5579.987305 0.000000 2822.223389 0.000000 0.990580 0.000000 -0.136936 1.051442 1.051442 1.051442
5582.531738 0.000000 2828.547119 0.000000 0.426145 0.000000 -0.904655 1.211689 1.211689 1.211689
5569.869629 0.000000 2837.196289 0.000000 0.669469 0.000000 -0.742840 1.156778 1.156778 1.156778
5573.180176 0.000000 2818.921143 0.000000 0.815084 0.000000 -0.579343 1.104902 1.104902 1.104902
5568.952148 0.000000 2819.104980 0.000000 0.870477 0.000000 -0.492209 1.082226 1.082226 1.082226
5576.063477 0.000000 2824.572021 0.000000 0.943128 0.000000 -0.332430 1.081219 1.081219 1.081219
5572.187012 0.000000 2840.791016 0.000000 0.929771 0.000000 -0.368139 1.070591 1.070591 1.070591
5574.399902 0.000000 2825.938965 0.000000 0.971884 0.000000 -0.235458 1.056967 1.056967 1.056967
5578.605469 0.000000 2826.525879 0.000000 0.423051 0.000000 -0.906106 1.212329 1.212329 1.212329
5581.009277 0.000000 2823.749756 0.000000 0.571345 0.000000 -0.820710 1.285994 1.285994 1.285994
5583.899902 0.000000 2826.622314 0.000000 0.833235 0.000000 -0.552919 1.103847 1.103847 1.103847
5573.604492 0.000000 2827.685303 0.000000 0.005181 0.000000 -0.999987 1.293148 1.293148 1.293148
5576.515625 0.000000 2826.660400 0.000000 0.132661 0.000000 -0.991161 1.269204 1.269204 1.269204
5569.299805 0.000000 2828.113037 0.000000 0.554487 0.000000 -0.832193 1.184067 1.184067 1.184067
5577.579590 0.000000 2833.092041 0.000000 0.596110 0.000000 -0.802903 1.174537 1.174537 1.174537
5574.343262 0.000000 2823.687744 0.000000 0.861312 0.000000 -0.508076 1.199580 1.199580 1.199580
5568.509277 0.000000 2821.726074 0.000000 0.240202 0.000000 -0.970723 1.371389 1.371389 1.371389
5573.787598 0.000000 2834.467773 0.000000 0.313157 0.000000 -0.949701 1.234478 1.234478 1.234478
5579.413574 0.000000 2835.078369 0.000000 0.690079 0.000000 -0.723734 1.151515 1.151515 1.151515
5572.211426 0.000000 2836.320801 0.000000 0.945202 0.000000 -0.326485 1.062273 1.062273 1.062273
5572.164062 0.000000 2826.074463 0.000000 0.825432 0.000000 -0.564502 1.112313 1.112313 1.112313
5572.832031 0.000000 2820.058105 0.000000 0.470369 0.000000 -0.882470 1.375159 1.375159 1.375159
5582.277832 0.000000 2823.243408 0.000000 0.558744 0.000000 -0.829340 1.183108 1.183108 1.183108
5575.933105 0.000000 2833.761719 0.000000 0.998204 0.000000 -0.059902 1.011223 1.011223 1.011223
5571.231934 0.000000 2833.839355 0.000000 0.995992 0.000000 -0.089438 1.016769 1.016769 1.016769
5570.115723 0.000000 2834.803467 0.000000 0.191336 0.000000 -0.981525 1.258070 1.258070 1.258070
5570.314453 0.000000 2822.245361 0.000000 0.890071 0.000000 -0.455823 1.177241 1.177241 1.177241
5581.977051 0.000000 2835.710205 0.000000 0.840952 0.000000 -0.541110 1.107056 1.107056 1.107056
5578.162109 0.000000 2830.240723 0.000000 0.970781 0.000000 -0.239969 1.045375 1.045375 1.045375
5568.754395 0.000000 2824.058350 0.000000 0.444994 0.000000 -0.895534 1.324118 1.324118 1.324118
5579.805176 0.000000 2833.497314 0.000000 0.772170 0.000000 -0.635416 1.128924 1.128924 1.128924
5569.828125 0.000000 2823.626953 0.000000 0.106695 0.000000 -0.994292 1.548204 1.548204 1.548204
5573.489258 0.000000 2822.137695 0.000000 0.343039 0.000000 -0.939321 1.380925 1.380925 1.380925
5569.849609 0.000000 2829.090332 0.000000 0.791620 0.000000 -0.611013 1.123081 1.123081 1.123081
5581.321777 0.000000 2838.760986 0.000000 0.989127 0.000000 -0.147067 1.027637 1.027637 1.027637
5571.619141 0.000000 2821.556152 0.000000 0.187587 0.000000 -0.982248 1.465812 1.465812 1.465812
5573.257812 0.000000 2829.584961 0.000000 0.183159 0.000000 -0.983083 1.259628 1.259628 1.259628
5578.490234 0.000000 2821.597900 0.000000 0.755351 0.000000 -0.655320 1.230142 1.230142 1.230142
5577.158203 0.000000 2829.283447 0.000000 0.065893 0.000000 -0.997827 1.281771 1.281771 1.281771
5569.508789 0.000000 2821.299316 0.000000 0.394080 0.000000 -0.919076 1.325954 1.325954 1.325954
5578.607910 0.000000 2832.814941 0.000000 0.841172 0.000000 -0.540768 1.106980 1.106980 1.106980
5571.171875 0.000000 2841.145508 0.000000 0.036507 0.000000 -0.999333 1.287281 1.287281 1.287281
5579.525391 0.000000 2823.180176 0.000000 0.645115 0.000000 -0.764085 1.325658 1.325658 1.325658
5574.776367 0.000000 2820.825195 0.000000 0.889926 0.000000 -0.456105 1.165536 1.165536 1.165536
5575.589355 0.000000 2827.808594 0.000000 0.891789 0.000000 -0.452451 1.087912 1.087912 1.087912
5577.444824 0.000000 2822.841553 0.000000 0.475291 0.000000 -0.879829 1.402756 1.402756 1.402756
5577.692871 0.000000 2824.796143 0.000000 0.835742 0.000000 -0.549122 1.139323 1.139323 1.139323
5567.712402 0.000000 2821.085693 0.000000 0.870994 0.000000 -0.491294 1.110266 1.110266 1.110266
5576.729004 0.000000 2820.231689 0.000000 0.608556 0.000000 -0.793511 1.302046 1.302046 1.302046
5580.459961 0.000000 2823.051025 0.000000 0.310513 0.000000 -0.950569 1.372866 1.372866 1.372866
5575.369629 0.000000 2822.447266 0.000000 0.999820 0.000000 -0.018956 1.007099 1.007099 1.007099
5570.899902 0.000000 2820.408203 0.000000 0.869195 0.000000 -0.494469 1.174322 1.174322 1.174322
5568.093262 0.000000 2822.426025 0.000000 0.525858 0.000000 -0.850572 1.380876 1.380876 1.380876
5573.579102 0.000000 2823.972656 0.000000 0.967500 0.000000 -0.252869 1.079779 1.079779 1.079779
5578.010742 0.000000 2823.418701 0.000000 0.796019 0.000000 -0.605272 1.243454 1.243454 1.243454
"}
