object={
	name="steppe_bush_01_generator_0"
	clamp_to_water_level=no
	render_under_water=no
	generated_content=yes
	layer="grass_layer"
	pdxmesh="steppe_bush_01_mesh"
	count=181
	transform="5565.638672 0.000000 1959.676392 0.000000 0.991877 0.000000 -0.127203 0.521892 0.521892 0.521892
5562.769043 0.000000 1958.151978 0.000000 0.459026 0.000000 -0.888423 0.682975 0.682975 0.682975
5578.693359 0.000000 1957.339355 0.000000 0.579425 0.000000 0.815025 0.341820 0.341820 0.341820
5582.903809 0.000000 1952.480103 0.000000 0.191662 0.000000 -0.981461 0.745107 0.745107 0.745107
5601.571777 0.000000 1980.684326 0.000000 1.000000 0.000000 -0.000219 0.500038 0.500038 0.500038
5625.624023 0.000000 1951.520264 0.000000 0.683601 0.000000 -0.729856 0.640419 0.640419 0.640419
5593.573730 0.000000 1965.916626 0.000000 0.904231 0.000000 0.427044 0.425096 0.425096 0.425096
5579.379395 0.000000 1965.185303 0.000000 0.983104 0.000000 0.183050 0.467140 0.467140 0.467140
5578.921387 0.000000 1961.112061 0.000000 0.524348 0.000000 0.851504 0.312409 0.312409 0.312409
5598.181152 0.000000 1980.501099 0.000000 0.361723 0.000000 -0.932286 0.711328 0.711328 0.711328
5581.348633 0.000000 1962.912598 0.000000 0.999116 0.000000 -0.042030 0.507164 0.507164 0.507164
5590.403320 0.000000 1967.004883 0.000000 0.702387 0.000000 0.711795 0.359111 0.359111 0.359111
5583.291992 0.000000 1949.660889 0.000000 0.911459 0.000000 -0.411390 0.574623 0.574623 0.574623
5622.846191 0.000000 1951.936768 0.000000 0.805320 0.000000 -0.592840 0.606542 0.606542 0.606542
5580.889648 0.000000 1958.482544 0.000000 0.326139 0.000000 -0.945322 0.710268 0.710268 0.710268
5578.292969 0.000000 1963.205933 0.000000 0.710096 0.000000 -0.704105 0.636515 0.636515 0.636515
5577.926270 0.000000 1959.305664 0.000000 0.592109 0.000000 -0.805858 0.673713 0.673713 0.673713
5548.275391 0.000000 2041.737305 0.000000 0.810876 0.000000 -0.585218 0.613542 0.613542 0.613542
5550.959961 0.000000 2039.052002 0.000000 0.989624 0.000000 0.143680 0.475163 0.475163 0.475163
5550.521973 0.000000 2016.632812 0.000000 0.345950 0.000000 0.938253 0.289504 0.289504 0.289504
5566.209473 0.000000 2002.108276 0.000000 0.050055 0.000000 0.998746 0.235191 0.235191 0.235191
5551.847656 0.000000 2014.091797 0.000000 0.901053 0.000000 0.433709 0.422163 0.422163 0.422163
5549.918945 0.000000 2040.685791 0.000000 0.464827 0.000000 0.885401 0.302510 0.302510 0.302510
5552.583984 0.000000 2038.015503 0.000000 0.800392 0.000000 0.599476 0.383645 0.383645 0.383645
5568.822754 0.000000 1999.372070 0.000000 0.781499 0.000000 -0.623907 0.609751 0.609751 0.609751
5620.840332 0.000000 2013.738525 0.000000 0.638825 0.000000 -0.769352 0.641354 0.641354 0.641354
5585.695312 0.000000 1996.823730 0.000000 0.993653 0.000000 -0.112488 0.520192 0.520192 0.520192
5574.903809 0.000000 2030.164062 0.000000 0.024458 0.000000 0.999701 0.238451 0.238451 0.238451
5567.392090 0.000000 2002.093018 0.000000 0.161589 0.000000 -0.986858 0.745267 0.745267 0.745267
5572.005371 0.000000 2028.036621 0.000000 0.417391 0.000000 0.908727 0.309276 0.309276 0.309276
5608.498047 0.000000 2003.457642 0.000000 0.633403 0.000000 -0.773822 0.650770 0.650770 0.650770
5576.913086 0.000000 2028.914795 0.000000 0.849127 0.000000 0.528190 0.402058 0.402058 0.402058
5573.621582 0.000000 2031.894897 0.000000 0.366509 0.000000 -0.930414 0.708185 0.708185 0.708185
5583.708984 0.000000 1996.043701 0.000000 0.363534 0.000000 -0.931581 0.705000 0.705000 0.705000
5574.041504 0.000000 2028.335449 0.000000 0.157024 0.000000 0.987595 0.253927 0.253927 0.253927
5621.322754 0.000000 2015.475098 0.000000 0.412380 0.000000 -0.911012 0.707377 0.707377 0.707377
5632.814941 0.000000 1935.387695 0.000000 0.073078 0.000000 -0.997326 0.750510 0.750510 0.750510
5642.913574 0.000000 1961.112061 0.000000 0.852754 0.000000 -0.522313 0.590209 0.590209 0.590209
5634.658203 0.000000 1932.593994 0.000000 0.885459 0.000000 -0.464718 0.580542 0.580542 0.580542
5650.053223 0.000000 1925.574219 0.000000 0.144049 0.000000 0.989570 0.248972 0.248972 0.248972
5660.489258 0.000000 1965.834839 0.000000 0.781989 0.000000 0.623292 0.385757 0.385757 0.385757
5662.036133 0.000000 1936.676758 0.000000 0.740549 0.000000 0.672003 0.368459 0.368459 0.368459
5671.286133 0.000000 1934.017334 0.000000 0.114950 0.000000 0.993371 0.235630 0.235630 0.235630
5671.204590 0.000000 1935.858765 0.000000 0.446413 0.000000 -0.894827 0.701247 0.701247 0.701247
5566.185059 0.000000 2828.703369 0.000000 0.978243 0.000000 0.207460 0.465566 0.465566 0.465566
5566.747070 0.000000 2826.708008 0.000000 0.947218 0.000000 0.320591 0.436449 0.436449 0.436449
5563.806641 0.000000 2825.602051 0.000000 0.614380 0.000000 -0.789010 0.669671 0.669671 0.669671
5562.356445 0.000000 2827.444580 0.000000 0.602230 0.000000 0.798322 0.315931 0.315931 0.315931
5565.326172 0.000000 2827.184814 0.000000 0.788501 0.000000 0.615034 0.316843 0.316843 0.316843
5566.677734 0.000000 2824.972656 0.000000 0.832353 0.000000 -0.554246 0.607796 0.607796 0.607796
5564.920410 0.000000 2828.599609 0.000000 0.115405 0.000000 -0.993318 0.779726 0.779726 0.779726
5563.351074 0.000000 2826.703369 0.000000 0.695316 0.000000 0.718704 0.340335 0.340335 0.340335
5564.660645 0.000000 2824.582764 0.000000 0.089029 0.000000 -0.996029 0.868051 0.868051 0.868051
5564.551758 0.000000 2826.396484 0.000000 0.987078 0.000000 -0.160240 0.544497 0.544497 0.544497
5565.725098 0.000000 2824.755859 0.000000 0.010562 0.000000 0.999944 0.112428 0.112428 0.112428
5565.883301 0.000000 2827.875000 0.000000 0.991366 0.000000 0.131126 0.463640 0.463640 0.463640
5564.780273 0.000000 2827.793457 0.000000 0.443650 0.000000 -0.896200 0.807219 0.807219 0.807219
5565.582520 0.000000 2826.413574 0.000000 0.830312 0.000000 -0.557299 0.663443 0.663443 0.663443
5590.048340 0.000000 2829.632324 0.000000 0.274549 0.000000 -0.961573 0.738008 0.738008 0.738008
5574.145508 0.000000 2830.216064 0.000000 0.644732 0.000000 -0.764409 0.642286 0.642286 0.642286
5572.767090 0.000000 2843.417480 0.000000 0.849015 0.000000 0.528368 0.391598 0.391598 0.391598
5588.698242 0.000000 2826.938232 0.000000 0.704915 0.000000 -0.709292 0.673721 0.673721 0.673721
5591.771484 0.000000 2827.782471 0.000000 0.326477 0.000000 -0.945205 0.746530 0.746530 0.746530
5571.093262 0.000000 2826.622314 0.000000 0.059245 0.000000 0.998244 0.204718 0.204718 0.204718
5573.976562 0.000000 2838.441406 0.000000 0.998875 0.000000 0.047411 0.491119 0.491119 0.491119
5576.614746 0.000000 2840.242920 0.000000 0.996615 0.000000 -0.082211 0.515256 0.515256 0.515256
5574.621582 0.000000 2828.399902 0.000000 0.961449 0.000000 0.274982 0.447840 0.447840 0.447840
5574.487305 0.000000 2842.995605 0.000000 0.505658 0.000000 0.862734 0.295405 0.295405 0.295405
5571.024414 0.000000 2840.088135 0.000000 0.969460 0.000000 0.245251 0.454688 0.454688 0.454688
5590.444824 0.000000 2826.630615 0.000000 0.955892 0.000000 -0.293719 0.559355 0.559355 0.559355
5567.775391 0.000000 2826.136719 0.000000 0.816898 0.000000 0.576782 0.380283 0.380283 0.380283
5577.302734 0.000000 2841.650146 0.000000 0.995068 0.000000 -0.099192 0.518417 0.518417 0.518417
5589.766602 0.000000 2828.022461 0.000000 0.816382 0.000000 0.577512 0.379340 0.379340 0.379340
5591.535645 0.000000 2829.880371 0.000000 0.354728 0.000000 -0.934969 0.722449 0.722449 0.722449
5572.504395 0.000000 2838.071289 0.000000 0.403909 0.000000 -0.914799 0.716265 0.716265 0.716265
5575.508789 0.000000 2829.553955 0.000000 0.959982 0.000000 -0.280061 0.553150 0.553150 0.553150
5588.118164 0.000000 2827.898438 0.000000 0.981477 0.000000 0.191581 0.457528 0.457528 0.457528
5574.277832 0.000000 2841.735107 0.000000 0.969075 0.000000 0.246766 0.434483 0.434483 0.434483
5573.339355 0.000000 2840.419434 0.000000 0.954247 0.000000 -0.299020 0.578276 0.578276 0.578276
5575.054688 0.000000 2840.628906 0.000000 0.486444 0.000000 0.873712 0.220742 0.220742 0.220742
5574.032715 0.000000 2840.924316 0.000000 0.977848 0.000000 0.209317 0.444590 0.444590 0.444590
5573.609375 0.000000 2828.563477 0.000000 0.749226 0.000000 -0.662315 0.674853 0.674853 0.674853
5628.590820 0.000000 4003.183105 0.000000 0.634621 0.000000 -0.772824 0.643886 0.643886 0.643886
5630.940430 0.000000 4010.740967 0.000000 0.163606 0.000000 0.986526 0.253333 0.253333 0.253333
5630.796875 0.000000 4007.883545 0.000000 0.891044 0.000000 0.453917 0.395312 0.395312 0.395312
5630.797852 0.000000 4006.585693 0.000000 0.946371 0.000000 0.323082 0.426902 0.426902 0.426902
5630.930176 0.000000 4004.727051 0.000000 0.079166 0.000000 0.996861 0.182553 0.182553 0.182553
5690.582520 0.000000 3929.639893 0.000000 0.536583 0.000000 0.843848 0.337635 0.337635 0.337635
5656.328125 0.000000 3925.379150 0.000000 0.836642 0.000000 0.547749 0.403039 0.403039 0.403039
5692.742676 0.000000 3923.870605 0.000000 0.630877 0.000000 -0.775883 0.649108 0.649108 0.649108
5689.416016 0.000000 3920.838379 0.000000 0.657270 0.000000 -0.753655 0.660363 0.660363 0.660363
5693.972168 0.000000 3927.362549 0.000000 0.073193 0.000000 0.997318 0.248574 0.248574 0.248574
5683.525879 0.000000 3924.776123 0.000000 0.419243 0.000000 -0.907874 0.694645 0.694645 0.694645
5686.543457 0.000000 3926.828125 0.000000 0.900472 0.000000 -0.434913 0.599131 0.599131 0.599131
5663.904785 0.000000 3926.927490 0.000000 0.334485 0.000000 0.942401 0.193758 0.193758 0.193758
5660.020508 0.000000 3929.347900 0.000000 0.127524 0.000000 0.991835 0.246036 0.246036 0.246036
5662.036133 0.000000 3920.192383 0.000000 0.966192 0.000000 0.257822 0.456056 0.456056 0.456056
5684.986816 0.000000 3921.456299 0.000000 0.972158 0.000000 0.234328 0.459846 0.459846 0.459846
5691.840332 0.000000 3921.688477 0.000000 0.344329 0.000000 -0.938849 0.716122 0.716122 0.716122
5691.966797 0.000000 3926.265869 0.000000 0.906293 0.000000 -0.422650 0.590421 0.590421 0.590421
5662.166504 0.000000 3928.604248 0.000000 0.277804 0.000000 0.960638 0.275491 0.275491 0.275491
5687.291992 0.000000 3921.462891 0.000000 0.946726 0.000000 0.322041 0.440039 0.440039 0.440039
5687.814453 0.000000 3925.235596 0.000000 0.956048 0.000000 -0.293210 0.571878 0.571878 0.571878
5685.427734 0.000000 3925.093750 0.000000 0.936832 0.000000 0.349779 0.427962 0.427962 0.427962
5684.748047 0.000000 3923.333252 0.000000 0.815609 0.000000 0.578603 0.384084 0.384084 0.384084
5690.595703 0.000000 3927.656982 0.000000 0.886586 0.000000 -0.462564 0.599646 0.599646 0.599646
5684.288086 0.000000 3926.384277 0.000000 0.577658 0.000000 0.816279 0.317620 0.317620 0.317620
5663.858398 0.000000 3925.269775 0.000000 0.502333 0.000000 -0.864674 0.777714 0.777714 0.777714
5662.446289 0.000000 3926.305908 0.000000 0.208905 0.000000 -0.977936 0.838767 0.838767 0.838767
5688.223145 0.000000 3926.764160 0.000000 0.999989 0.000000 -0.004695 0.501090 0.501090 0.501090
5659.741699 0.000000 3927.693848 0.000000 0.201430 0.000000 -0.979503 0.826154 0.826154 0.826154
5689.155762 0.000000 3924.506836 0.000000 0.988245 0.000000 -0.152880 0.539563 0.539563 0.539563
5686.096680 0.000000 3922.275635 0.000000 0.937736 0.000000 -0.347348 0.577050 0.577050 0.577050
5663.672363 0.000000 3923.718262 0.000000 0.447491 0.000000 0.894288 0.261667 0.261667 0.261667
5662.152832 0.000000 3923.181396 0.000000 0.990973 0.000000 -0.134063 0.528955 0.528955 0.528955
5685.162109 0.000000 3927.386963 0.000000 0.037823 0.000000 0.999284 0.207225 0.207225 0.207225
5686.612305 0.000000 3925.452881 0.000000 0.452652 0.000000 0.891687 0.234049 0.234049 0.234049
5661.885742 0.000000 3927.415283 0.000000 0.510609 0.000000 -0.859813 0.797770 0.797770 0.797770
5689.412109 0.000000 3927.214355 0.000000 0.390070 0.000000 0.920785 0.228330 0.228330 0.228330
5687.442871 0.000000 3927.647461 0.000000 0.990207 0.000000 0.139604 0.469142 0.469142 0.469142
5687.848633 0.000000 3923.972900 0.000000 0.999992 0.000000 -0.003902 0.500847 0.500847 0.500847
5661.480957 0.000000 3925.664307 0.000000 0.962882 0.000000 -0.269924 0.583757 0.583757 0.583757
5690.763672 0.000000 3926.504639 0.000000 0.103355 0.000000 -0.994645 0.804035 0.804035 0.804035
5689.478027 0.000000 3922.429199 0.000000 0.664065 0.000000 0.747675 0.307075 0.307075 0.307075
5687.376465 0.000000 3922.647949 0.000000 0.217908 0.000000 -0.975969 0.793464 0.793464 0.793464
5685.700684 0.000000 3924.045898 0.000000 0.999970 0.000000 0.007699 0.498448 0.498448 0.498448
5691.593262 0.000000 3927.304932 0.000000 0.766571 0.000000 -0.642160 0.644493 0.644493 0.644493
5661.250488 0.000000 3923.784180 0.000000 0.126297 0.000000 -0.991993 0.838909 0.838909 0.838909
5660.387207 0.000000 3925.773438 0.000000 0.664155 0.000000 0.747595 0.241222 0.241222 0.241222
5687.369141 0.000000 3926.225586 0.000000 0.428523 0.000000 -0.903531 0.748508 0.748508 0.748508
5688.784180 0.000000 3925.492188 0.000000 0.945683 0.000000 -0.325090 0.585349 0.585349 0.585349
5686.370117 0.000000 3927.830322 0.000000 0.867910 0.000000 0.496721 0.385474 0.385474 0.385474
5662.921875 0.000000 3927.239014 0.000000 0.433905 0.000000 -0.900959 0.779406 0.779406 0.779406
5686.940918 0.000000 3924.534180 0.000000 0.547711 0.000000 -0.836667 0.739408 0.739408 0.739408
5690.109863 0.000000 3925.117188 0.000000 0.908976 0.000000 0.416848 0.403658 0.403658 0.403658
5662.886719 0.000000 3925.397217 0.000000 0.710535 0.000000 -0.703662 0.707531 0.707531 0.707531
5659.145508 0.000000 3926.920654 0.000000 0.790273 0.000000 -0.612755 0.657248 0.657248 0.657248
5691.826172 0.000000 3924.193848 0.000000 0.969527 0.000000 0.244986 0.444543 0.444543 0.444543
5659.822266 0.000000 3925.035645 0.000000 0.446651 0.000000 0.894708 0.224129 0.224129 0.224129
5689.174805 0.000000 3923.599121 0.000000 0.968939 0.000000 0.247298 0.442916 0.442916 0.442916
5663.458008 0.000000 3926.146729 0.000000 0.724242 0.000000 0.689546 0.310522 0.310522 0.310522
5658.545898 0.000000 3926.222168 0.000000 0.577955 0.000000 0.816068 0.272410 0.272410 0.272410
5659.986816 0.000000 3926.659180 0.000000 0.046472 0.000000 -0.998920 0.863426 0.863426 0.863426
5658.724609 0.000000 3925.280762 0.000000 0.626393 0.000000 -0.779507 0.722603 0.722603 0.722603
5663.356934 0.000000 3924.530029 0.000000 0.449170 0.000000 -0.893446 0.793789 0.793789 0.793789
5661.602051 0.000000 3924.580566 0.000000 0.910756 0.000000 0.412946 0.369548 0.369548 0.369548
5661.047852 0.000000 3927.458740 0.000000 0.530354 0.000000 0.847776 0.208884 0.208884 0.208884
5633.288574 0.000000 4010.042725 0.000000 0.595663 0.000000 0.803235 0.322448 0.322448 0.322448
5632.026855 0.000000 4001.197021 0.000000 0.969765 0.000000 0.244040 0.459533 0.459533 0.459533
5636.565918 0.000000 4005.063477 0.000000 0.076885 0.000000 0.997040 0.243602 0.243602 0.243602
5635.729492 0.000000 4000.048340 0.000000 0.854395 0.000000 -0.519625 0.589010 0.589010 0.589010
5635.997559 0.000000 4011.552246 0.000000 0.778906 0.000000 -0.627141 0.620580 0.620580 0.620580
5631.521484 0.000000 4008.304932 0.000000 0.862799 0.000000 -0.505547 0.607180 0.607180 0.607180
5631.421387 0.000000 4011.024902 0.000000 0.183333 0.000000 -0.983051 0.743154 0.743154 0.743154
5637.645996 0.000000 4006.884277 0.000000 0.938746 0.000000 -0.344611 0.561045 0.561045 0.561045
5635.125488 0.000000 4009.807373 0.000000 0.570029 0.000000 0.821625 0.297786 0.297786 0.297786
5635.604492 0.000000 4003.519043 0.000000 0.858904 0.000000 0.512137 0.399326 0.399326 0.399326
5633.042969 0.000000 4005.336914 0.000000 0.914166 0.000000 0.405339 0.396067 0.396067 0.396067
5635.880371 0.000000 4006.767334 0.000000 0.367406 0.000000 -0.930061 0.778847 0.778847 0.778847
5633.403320 0.000000 4008.427979 0.000000 0.351441 0.000000 -0.936210 0.785109 0.785109 0.785109
5632.539551 0.000000 4007.078369 0.000000 0.982079 0.000000 0.188471 0.449587 0.449587 0.449587
5635.039551 0.000000 4008.215820 0.000000 0.675755 0.000000 0.737126 0.326191 0.326191 0.326191
5631.951172 0.000000 4009.563965 0.000000 0.992615 0.000000 -0.121308 0.524592 0.524592 0.524592
5632.548828 0.000000 4004.134521 0.000000 0.732770 0.000000 -0.680477 0.686378 0.686378 0.686378
5634.130859 0.000000 4009.317383 0.000000 0.213908 0.000000 0.976854 0.215796 0.215796 0.215796
5631.464844 0.000000 4007.183105 0.000000 0.265058 0.000000 0.964233 0.210587 0.210587 0.210587
5634.933105 0.000000 4006.244629 0.000000 0.990025 0.000000 0.140889 0.467003 0.467003 0.467003
5631.648926 0.000000 4004.778809 0.000000 0.631899 0.000000 0.775051 0.311263 0.311263 0.311263
5633.896973 0.000000 4005.965576 0.000000 0.183027 0.000000 0.983108 0.154661 0.154661 0.154661
5635.681152 0.000000 4005.556152 0.000000 0.972702 0.000000 0.232057 0.448110 0.448110 0.448110
5634.727051 0.000000 4004.129883 0.000000 0.482597 0.000000 -0.875843 0.736453 0.736453 0.736453
5635.672852 0.000000 4004.531006 0.000000 0.105203 0.000000 -0.994451 0.824686 0.824686 0.824686
5633.830078 0.000000 4004.762695 0.000000 0.915686 0.000000 -0.401894 0.602995 0.602995 0.602995
5632.442383 0.000000 4008.674561 0.000000 0.838714 0.000000 -0.544572 0.635504 0.635504 0.635504
5632.327148 0.000000 4006.119873 0.000000 0.147691 0.000000 -0.989034 0.878234 0.878234 0.878234
5635.109863 0.000000 4007.272949 0.000000 0.815471 0.000000 -0.578799 0.644084 0.644084 0.644084
5634.172852 0.000000 4007.981201 0.000000 0.689706 0.000000 -0.724090 0.689009 0.689009 0.689009
5633.358398 0.000000 4007.464111 0.000000 0.896775 0.000000 0.442487 0.378128 0.378128 0.378128
5633.224121 0.000000 4006.548096 0.000000 0.742168 0.000000 0.670213 0.304710 0.304710 0.304710
5633.090332 0.000000 4009.219238 0.000000 0.157544 0.000000 -0.987512 0.832383 0.832383 0.832383
5632.224609 0.000000 4007.833252 0.000000 0.923658 0.000000 0.383218 0.395434 0.395434 0.395434
"}
