object={
	name="tree_leaf_01_single_generator_1_0"
	clamp_to_water_level=no
	render_under_water=no
	generated_content=yes
	layer="tree_high_layer"
	pdxmesh="tree_leaf_01_single_a_mesh"
	count=474
	transform="613.277588 0.000000 1696.724121 0.000000 0.976418 0.000000 0.215889 0.680986 0.680986 0.680986
602.899231 0.000000 1705.399292 0.000000 0.335715 0.000000 -0.941964 0.740789 0.740789 0.740789
600.944885 0.000000 1685.925903 0.000000 0.348898 0.000000 0.937161 0.602376 0.602376 0.602376
606.863403 0.000000 1691.853149 0.000000 0.892124 0.000000 -0.451791 0.752430 0.752430 0.752430
606.628418 0.000000 1712.260864 0.000000 0.072505 0.000000 0.997368 0.532430 0.532430 0.532430
601.336731 0.000000 1700.324463 0.000000 0.998750 0.000000 -0.049985 0.706292 0.706292 0.706292
605.499573 0.000000 1687.226929 0.000000 0.632787 0.000000 0.774325 0.622613 0.622613 0.622613
609.015991 0.000000 1695.853149 0.000000 0.675142 0.000000 -0.737688 0.721748 0.721748 0.721748
620.470581 0.000000 1726.359131 0.000000 0.501517 0.000000 -0.865148 0.732886 0.732886 0.732886
606.025269 0.000000 1703.166260 0.000000 0.172410 0.000000 0.985025 0.621847 0.621847 0.621847
598.148010 0.000000 1699.861938 0.000000 0.958887 0.000000 0.283788 0.675360 0.675360 0.675360
623.637878 0.000000 1725.794922 0.000000 0.371890 0.000000 -0.928277 0.841385 0.841385 0.841385
600.759399 0.000000 1697.264893 0.000000 0.951563 0.000000 -0.307454 0.717477 0.717477 0.717477
615.360046 0.000000 1700.150635 0.000000 0.253548 0.000000 -0.967323 0.828638 0.828638 0.828638
598.174866 0.000000 1686.795532 0.000000 0.999437 0.000000 0.033538 0.696717 0.696717 0.696717
604.223511 0.000000 1700.925049 0.000000 0.731268 0.000000 -0.682090 0.765588 0.765588 0.765588
604.637146 0.000000 1689.894653 0.000000 0.554486 0.000000 -0.832193 0.844309 0.844309 0.844309
601.455505 0.000000 1703.074951 0.000000 0.917223 0.000000 0.398374 0.674222 0.674222 0.674222
602.880310 0.000000 1687.840576 0.000000 0.273522 0.000000 0.961866 0.598258 0.598258 0.598258
611.469727 0.000000 1694.837280 0.000000 0.529858 0.000000 -0.848086 0.813228 0.813228 0.813228
605.445251 0.000000 1705.516357 0.000000 0.341228 0.000000 0.939981 0.618811 0.618811 0.618811
607.414612 0.000000 1710.087280 0.000000 0.883545 0.000000 0.468345 0.651447 0.651447 0.651447
613.436646 0.000000 1699.089478 0.000000 0.854426 0.000000 -0.519573 0.760152 0.760152 0.760152
603.694824 0.000000 1703.055908 0.000000 0.999137 0.000000 0.041530 0.693466 0.693466 0.693466
614.001648 0.000000 1701.756592 0.000000 0.696354 0.000000 -0.717699 0.778340 0.778340 0.778340
610.848572 0.000000 1696.764771 0.000000 0.271136 0.000000 0.962541 0.575411 0.575411 0.575411
604.570251 0.000000 1711.907959 0.000000 0.590623 0.000000 -0.806947 0.780405 0.780405 0.780405
599.892883 0.000000 1699.127197 0.000000 0.731001 0.000000 -0.682376 0.764310 0.764310 0.764310
602.093506 0.000000 1689.638794 0.000000 0.029774 0.000000 -0.999557 0.853504 0.853504 0.853504
602.627991 0.000000 1701.662598 0.000000 0.530102 0.000000 -0.847934 0.836189 0.836189 0.836189
599.354919 0.000000 1685.290039 0.000000 0.498005 0.000000 -0.867174 0.817382 0.817382 0.817382
614.989075 0.000000 1698.577515 0.000000 0.278584 0.000000 0.960412 0.555890 0.555890 0.555890
604.358521 0.000000 1688.240723 0.000000 0.189464 0.000000 -0.981888 0.902606 0.902606 0.902606
624.207764 0.000000 1749.521484 0.000000 0.963963 0.000000 0.266036 0.691059 0.691059 0.691059
631.301331 0.000000 1748.104370 0.000000 0.931831 0.000000 0.362893 0.658464 0.658464 0.658464
622.502563 0.000000 1744.908936 0.000000 0.895978 0.000000 0.444098 0.678287 0.678287 0.678287
630.625610 0.000000 1738.841919 0.000000 0.335583 0.000000 -0.942011 0.961938 0.961938 0.961938
626.983765 0.000000 1746.307739 0.000000 0.976976 0.000000 0.213350 0.690231 0.690231 0.690231
627.149109 0.000000 1731.027344 0.000000 0.106026 0.000000 -0.994363 0.758868 0.758868 0.758868
614.803650 0.000000 1736.438354 0.000000 0.724941 0.000000 0.688811 0.567210 0.567210 0.567210
620.245544 0.000000 1727.731079 0.000000 0.925713 0.000000 0.378227 0.687799 0.687799 0.687799
624.986450 0.000000 1733.330078 0.000000 0.970213 0.000000 0.242254 0.674343 0.674343 0.674343
631.160156 0.000000 1751.359375 0.000000 0.503821 0.000000 0.863808 0.645330 0.645330 0.645330
624.317444 0.000000 1746.895752 0.000000 0.986427 0.000000 0.164201 0.681551 0.681551 0.681551
626.077942 0.000000 1735.507690 0.000000 0.933025 0.000000 0.359812 0.673628 0.673628 0.673628
630.262817 0.000000 1736.600220 0.000000 0.822588 0.000000 -0.568637 0.762364 0.762364 0.762364
627.148743 0.000000 1733.323975 0.000000 0.310933 0.000000 0.950432 0.559676 0.559676 0.559676
616.503662 0.000000 1737.550171 0.000000 0.821644 0.000000 -0.570001 0.822951 0.822951 0.822951
632.431213 0.000000 1749.766968 0.000000 0.025343 0.000000 -0.999679 0.862048 0.862048 0.862048
630.044434 0.000000 1749.625000 0.000000 0.633116 0.000000 0.774057 0.600992 0.600992 0.600992
631.889099 0.000000 1737.567383 0.000000 0.876975 0.000000 0.480536 0.648316 0.648316 0.648316
617.767273 0.000000 1736.576782 0.000000 0.778963 0.000000 0.627070 0.562599 0.562599 0.562599
631.607849 0.000000 1739.855347 0.000000 0.882542 0.000000 0.470234 0.595624 0.595624 0.595624
616.053345 0.000000 1736.410034 0.000000 0.821220 0.000000 0.570612 0.576898 0.576898 0.576898
685.137573 0.000000 1763.967651 0.000000 0.717704 0.000000 0.696349 0.644807 0.644807 0.644807
696.615906 0.000000 1767.174316 0.000000 0.823206 0.000000 0.567743 0.693669 0.693669 0.693669
660.702087 0.000000 1745.421631 0.000000 0.206964 0.000000 -0.978349 0.935697 0.935697 0.935697
699.362549 0.000000 1766.198853 0.000000 0.764509 0.000000 -0.644613 0.807731 0.807731 0.807731
687.115051 0.000000 1760.695312 0.000000 0.998994 0.000000 0.044844 0.697413 0.697413 0.697413
663.044495 0.000000 1744.366821 0.000000 0.916873 0.000000 -0.399179 0.748797 0.748797 0.748797
703.151672 0.000000 1759.174194 0.000000 0.563036 0.000000 0.826433 0.519805 0.519805 0.519805
676.670654 0.000000 1749.226440 0.000000 0.129257 0.000000 0.991611 0.271842 0.271842 0.271842
686.630066 0.000000 1762.628540 0.000000 0.992484 0.000000 -0.122376 0.728944 0.728944 0.728944
699.517090 0.000000 1764.343750 0.000000 0.087106 0.000000 -0.996199 1.005936 1.005936 1.005936
662.319275 0.000000 1745.999878 0.000000 0.341599 0.000000 0.939846 0.554762 0.554762 0.554762
698.324402 0.000000 1767.690063 0.000000 0.219524 0.000000 0.975607 0.492469 0.492469 0.492469
703.293823 0.000000 1756.418579 0.000000 0.816775 0.000000 -0.576956 0.780607 0.780607 0.780607
677.117371 0.000000 1759.062500 0.000000 0.659405 0.000000 -0.751788 0.804075 0.804075 0.804075
660.143188 0.000000 1744.209717 0.000000 0.860267 0.000000 0.509844 0.607439 0.607439 0.607439
661.735229 0.000000 1744.586792 0.000000 0.999994 0.000000 -0.003389 0.700586 0.700586 0.700586
698.209717 0.000000 1764.115845 0.000000 0.999920 0.000000 -0.012668 0.702612 0.702612 0.702612
676.770203 0.000000 1748.014038 0.000000 0.101531 0.000000 0.994832 0.263549 0.263549 0.263549
687.799316 0.000000 1762.346802 0.000000 0.947603 0.000000 -0.319451 0.776711 0.776711 0.776711
698.698181 0.000000 1765.180786 0.000000 0.441322 0.000000 0.897349 0.470333 0.470333 0.470333
677.614746 0.000000 1748.853149 0.000000 0.985125 0.000000 -0.171841 0.751307 0.751307 0.751307
703.988831 0.000000 1758.653564 0.000000 0.225302 0.000000 0.974289 0.451117 0.451117 0.451117
619.731445 0.000000 2919.375488 0.000000 0.060624 0.000000 0.998161 0.581241 0.581241 0.581241
618.346985 0.000000 2916.630859 0.000000 0.999999 0.000000 0.001517 0.699897 0.699897 0.699897
623.026672 0.000000 2907.119385 0.000000 0.968640 0.000000 0.248468 0.593807 0.593807 0.593807
621.518066 0.000000 2917.986572 0.000000 0.605290 0.000000 0.796005 0.571285 0.571285 0.571285
622.580566 0.000000 2906.222656 0.000000 0.612895 0.000000 0.790164 0.314692 0.314692 0.314692
623.573547 0.000000 2906.269531 0.000000 0.236558 0.000000 0.971617 0.136688 0.136688 0.136688
837.459961 0.000000 2937.852783 0.000000 0.301570 0.000000 -0.953444 0.741985 0.741985 0.741985
845.326050 0.000000 2935.744873 0.000000 0.778772 0.000000 0.627306 0.579128 0.579128 0.579128
836.809814 0.000000 2932.717773 0.000000 0.230190 0.000000 0.973146 0.671930 0.671930 0.671930
841.159302 0.000000 2934.123535 0.000000 0.816717 0.000000 -0.577039 0.974108 0.974108 0.974108
844.406677 0.000000 2932.186279 0.000000 0.402931 0.000000 -0.915231 0.778794 0.778794 0.778794
840.804199 0.000000 2937.943604 0.000000 0.797984 0.000000 -0.602679 0.924956 0.924956 0.924956
838.424255 0.000000 2935.177002 0.000000 0.005072 0.000000 -0.999987 1.110435 1.110435 1.110435
842.781677 0.000000 2936.368896 0.000000 0.882880 0.000000 -0.469599 0.864877 0.864877 0.864877
842.154724 0.000000 2931.091064 0.000000 0.771497 0.000000 -0.636234 0.747001 0.747001 0.747001
843.134705 0.000000 2938.846924 0.000000 0.998945 0.000000 -0.045927 0.705058 0.705058 0.705058
843.470032 0.000000 2934.226562 0.000000 0.366624 0.000000 -0.930369 1.218095 1.218095 1.218095
840.221558 0.000000 2936.033447 0.000000 0.633887 0.000000 0.773425 0.392493 0.392493 0.392493
844.413208 0.000000 2937.437500 0.000000 0.250426 0.000000 -0.968136 0.845073 0.845073 0.845073
840.831421 0.000000 2939.803955 0.000000 0.867137 0.000000 -0.498071 0.760135 0.760135 0.760135
842.441101 0.000000 2932.836426 0.000000 0.317055 0.000000 -0.948407 1.042462 1.042462 1.042462
838.977112 0.000000 2933.565674 0.000000 0.664380 0.000000 -0.747395 0.815065 0.815065 0.815065
838.717041 0.000000 2936.789551 0.000000 0.993433 0.000000 -0.114412 0.720439 0.720439 0.720439
840.943909 0.000000 2932.448242 0.000000 0.849780 0.000000 0.527138 0.538929 0.538929 0.538929
842.243591 0.000000 2937.722168 0.000000 0.992003 0.000000 -0.126211 0.742683 0.742683 0.742683
841.567444 0.000000 2935.548096 0.000000 0.606896 0.000000 -0.794782 1.109380 1.109380 1.109380
839.814148 0.000000 2934.675293 0.000000 0.849310 0.000000 -0.527894 0.845780 0.845780 0.845780
843.937683 0.000000 2935.517578 0.000000 0.984124 0.000000 0.177482 0.622670 0.622670 0.622670
841.490234 0.000000 2936.767334 0.000000 0.277477 0.000000 -0.960732 1.148493 1.148493 1.148493
840.223694 0.000000 2933.416504 0.000000 0.999338 0.000000 0.036368 0.689447 0.689447 0.689447
842.291870 0.000000 2934.503906 0.000000 0.806848 0.000000 -0.590759 0.973909 0.973909 0.973909
843.579346 0.000000 2933.081543 0.000000 0.364762 0.000000 0.931101 0.371463 0.371463 0.371463
843.319031 0.000000 2937.329102 0.000000 0.960550 0.000000 0.278109 0.604945 0.604945 0.604945
840.502869 0.000000 2936.989502 0.000000 0.790216 0.000000 -0.612828 0.929401 0.929401 0.929401
842.917419 0.000000 2935.285645 0.000000 0.995954 0.000000 -0.089863 0.738999 0.738999 0.738999
840.668274 0.000000 2935.154053 0.000000 0.642162 0.000000 -0.766569 1.089252 1.089252 1.089252
5043.603516 0.000000 1045.479248 0.000000 0.263214 0.000000 0.964737 0.640730 0.640730 0.640730
5860.637207 0.000000 2144.614746 0.000000 0.994292 0.000000 0.106691 0.684869 0.684869 0.684869
5883.746582 0.000000 2155.293945 0.000000 0.830776 0.000000 -0.556607 0.792843 0.792843 0.792843
5876.808594 0.000000 2141.707275 0.000000 0.935368 0.000000 0.353676 0.650724 0.650724 0.650724
5879.982910 0.000000 2151.080566 0.000000 0.766964 0.000000 -0.641690 0.797403 0.797403 0.797403
5878.943359 0.000000 2169.234863 0.000000 0.257202 0.000000 0.966358 0.576313 0.576313 0.576313
5886.647949 0.000000 2167.554199 0.000000 0.955594 0.000000 -0.294686 0.742343 0.742343 0.742343
5880.958496 0.000000 2159.179199 0.000000 0.681970 0.000000 0.731380 0.608248 0.608248 0.608248
5885.304688 0.000000 2141.385742 0.000000 0.985150 0.000000 0.171698 0.695477 0.695477 0.695477
5864.702637 0.000000 2145.917480 0.000000 0.033671 0.000000 0.999433 0.447493 0.447493 0.447493
5882.473145 0.000000 2167.045654 0.000000 0.864480 0.000000 -0.502667 0.786519 0.786519 0.786519
5885.599121 0.000000 2151.629639 0.000000 0.694381 0.000000 -0.719608 0.742112 0.742112 0.742112
5867.090820 0.000000 2151.562988 0.000000 0.500080 0.000000 0.865979 0.670722 0.670722 0.670722
5872.717773 0.000000 2155.989990 0.000000 0.857417 0.000000 0.514622 0.677328 0.677328 0.677328
5880.808594 0.000000 2173.818848 0.000000 0.062397 0.000000 0.998051 0.533933 0.533933 0.533933
5867.653809 0.000000 2144.556641 0.000000 0.980690 0.000000 -0.195571 0.733023 0.733023 0.733023
5884.180664 0.000000 2159.808105 0.000000 0.380818 0.000000 -0.924650 0.846427 0.846427 0.846427
5876.923340 0.000000 2150.737061 0.000000 0.988010 0.000000 0.154392 0.675078 0.675078 0.675078
5865.866211 0.000000 2138.920654 0.000000 0.299107 0.000000 0.954220 0.569359 0.569359 0.569359
5882.436035 0.000000 2162.210693 0.000000 0.702529 0.000000 -0.711655 0.834231 0.834231 0.834231
5878.047852 0.000000 2160.009277 0.000000 0.342482 0.000000 -0.939524 0.868603 0.868603 0.868603
5882.729492 0.000000 2150.104980 0.000000 0.414971 0.000000 -0.909835 0.761916 0.761916 0.761916
5881.012207 0.000000 2140.657715 0.000000 0.173521 0.000000 0.984830 0.482812 0.482812 0.482812
5870.386230 0.000000 2139.306885 0.000000 0.176710 0.000000 0.984263 0.617222 0.617222 0.617222
5858.829102 0.000000 2142.728027 0.000000 0.077193 0.000000 -0.997016 0.864434 0.864434 0.864434
5879.278809 0.000000 2171.785400 0.000000 0.989360 0.000000 0.145488 0.692345 0.692345 0.692345
5874.062012 0.000000 2150.684570 0.000000 0.916356 0.000000 -0.400363 0.765507 0.765507 0.765507
5862.857422 0.000000 2139.545166 0.000000 0.627550 0.000000 0.778576 0.646976 0.646976 0.646976
5876.532715 0.000000 2155.337646 0.000000 0.655424 0.000000 -0.755261 0.810706 0.810706 0.810706
5878.433105 0.000000 2157.512207 0.000000 0.308086 0.000000 -0.951358 0.858241 0.858241 0.858241
5883.086914 0.000000 2174.649902 0.000000 0.999499 0.000000 -0.031638 0.702212 0.702212 0.702212
5871.808105 0.000000 2142.060547 0.000000 0.907142 0.000000 -0.420824 0.772111 0.772111 0.772111
5879.992188 0.000000 2161.332520 0.000000 0.354304 0.000000 0.935130 0.533138 0.533138 0.533138
5886.395996 0.000000 2165.315186 0.000000 0.999894 0.000000 -0.014532 0.701702 0.701702 0.701702
5868.877441 0.000000 2150.174072 0.000000 0.708045 0.000000 -0.706168 0.794546 0.794546 0.794546
5883.375000 0.000000 2140.194092 0.000000 0.999807 0.000000 -0.019662 0.701924 0.701924 0.701924
5879.015137 0.000000 2141.611572 0.000000 0.722376 0.000000 0.691500 0.594583 0.594583 0.594583
5885.166016 0.000000 2156.957031 0.000000 0.966232 0.000000 0.257672 0.671307 0.671307 0.671307
5866.733887 0.000000 2146.661133 0.000000 0.198425 0.000000 -0.980116 0.925226 0.925226 0.925226
5885.959961 0.000000 2171.963623 0.000000 0.323682 0.000000 0.946166 0.517799 0.517799 0.517799
5886.519043 0.000000 2143.080322 0.000000 0.373825 0.000000 0.927499 0.542259 0.542259 0.542259
5884.683594 0.000000 2167.013184 0.000000 0.950839 0.000000 0.309687 0.646626 0.646626 0.646626
5881.686035 0.000000 2171.985840 0.000000 0.832075 0.000000 0.554663 0.599304 0.599304 0.599304
5872.913086 0.000000 2149.022949 0.000000 0.369335 0.000000 0.929296 0.547868 0.547868 0.547868
5874.537598 0.000000 2155.096924 0.000000 0.026351 0.000000 0.999653 0.567747 0.567747 0.567747
5878.237305 0.000000 2162.125732 0.000000 0.977548 0.000000 0.210711 0.676997 0.676997 0.676997
5882.295410 0.000000 2160.335693 0.000000 0.532337 0.000000 0.846533 0.530649 0.530649 0.530649
5880.193848 0.000000 2170.359863 0.000000 0.003452 0.000000 0.999994 0.431572 0.431572 0.431572
5884.007812 0.000000 2161.493652 0.000000 0.986988 0.000000 0.160794 0.680244 0.680244 0.680244
5883.850586 0.000000 2163.263428 0.000000 0.677588 0.000000 0.735442 0.559926 0.559926 0.559926
5878.885254 0.000000 2167.515137 0.000000 0.801127 0.000000 -0.598495 0.772884 0.772884 0.772884
5883.365723 0.000000 2170.641602 0.000000 0.063111 0.000000 -0.998007 0.945030 0.945030 0.945030
5878.345215 0.000000 2151.620117 0.000000 0.370519 0.000000 0.928825 0.533458 0.533458 0.533458
5885.317383 0.000000 2158.662598 0.000000 0.023037 0.000000 0.999735 0.507957 0.507957 0.507957
5875.445801 0.000000 2151.489990 0.000000 0.919636 0.000000 0.392771 0.635809 0.635809 0.635809
5870.557129 0.000000 2143.038818 0.000000 0.645527 0.000000 0.763737 0.555714 0.555714 0.555714
5879.534668 0.000000 2140.030273 0.000000 0.270515 0.000000 -0.962716 0.879044 0.879044 0.879044
5884.917969 0.000000 2170.815186 0.000000 0.447501 0.000000 0.894283 0.537521 0.537521 0.537521
5866.075684 0.000000 2145.274170 0.000000 0.973778 0.000000 0.227499 0.661496 0.661496 0.661496
5882.985352 0.000000 2154.075684 0.000000 0.891739 0.000000 0.452551 0.626136 0.626136 0.626136
5871.825195 0.000000 2143.702881 0.000000 0.938566 0.000000 -0.345099 0.758496 0.758496 0.758496
5864.314453 0.000000 2144.600342 0.000000 0.828589 0.000000 -0.559857 0.797613 0.797613 0.797613
5886.296875 0.000000 2144.417480 0.000000 0.983446 0.000000 -0.181203 0.745217 0.745217 0.745217
5885.312012 0.000000 2145.799072 0.000000 0.196581 0.000000 -0.980488 1.019108 1.019108 1.019108
5879.092773 0.000000 2145.276367 0.000000 0.294425 0.000000 -0.955675 0.980076 0.980076 0.980076
5883.987305 0.000000 2158.540771 0.000000 0.697688 0.000000 0.716402 0.524145 0.524145 0.524145
5883.934570 0.000000 2156.792969 0.000000 0.743340 0.000000 -0.668914 0.872872 0.872872 0.872872
5884.028809 0.000000 2168.083496 0.000000 0.393287 0.000000 -0.919416 0.938530 0.938530 0.938530
5878.160645 0.000000 2142.556152 0.000000 0.180744 0.000000 0.983530 0.340732 0.340732 0.340732
5863.284668 0.000000 2142.075195 0.000000 0.156243 0.000000 -0.987719 1.092878 1.092878 1.092878
5876.180664 0.000000 2147.888672 0.000000 0.252836 0.000000 -0.967509 1.014880 1.014880 1.014880
5869.288086 0.000000 2148.956299 0.000000 0.676799 0.000000 -0.736168 0.861945 0.861945 0.861945
5883.147949 0.000000 2147.058594 0.000000 0.849859 0.000000 -0.527010 0.822226 0.822226 0.822226
5867.285645 0.000000 2138.814453 0.000000 0.999981 0.000000 -0.006194 0.701201 0.701201 0.701201
5866.722656 0.000000 2143.720459 0.000000 0.555365 0.000000 -0.831607 0.948837 0.948837 0.948837
5871.740234 0.000000 2149.514893 0.000000 0.856977 0.000000 -0.515354 0.823003 0.823003 0.823003
5881.798828 0.000000 2145.402100 0.000000 0.985633 0.000000 -0.168900 0.736184 0.736184 0.736184
5883.714355 0.000000 2143.990479 0.000000 0.981178 0.000000 -0.193104 0.738035 0.738035 0.738035
5875.647461 0.000000 2142.184082 0.000000 0.146128 0.000000 0.989266 0.361522 0.361522 0.361522
5872.760254 0.000000 2146.582275 0.000000 0.528235 0.000000 -0.849098 0.953472 0.953472 0.953472
5871.166504 0.000000 2146.253174 0.000000 0.753969 0.000000 -0.656910 0.874100 0.874100 0.874100
5881.284180 0.000000 2167.068604 0.000000 0.766864 0.000000 0.641809 0.550209 0.550209 0.550209
5880.572754 0.000000 2160.314209 0.000000 0.615322 0.000000 0.788276 0.495301 0.495301 0.495301
5879.979004 0.000000 2149.867188 0.000000 0.856801 0.000000 -0.515647 0.831602 0.831602 0.831602
5879.319824 0.000000 2142.724121 0.000000 0.976790 0.000000 0.214197 0.644167 0.644167 0.644167
5878.880859 0.000000 2152.674561 0.000000 0.975296 0.000000 0.220901 0.646672 0.646672 0.646672
5873.586914 0.000000 2145.248779 0.000000 0.923063 0.000000 0.384648 0.607541 0.607541 0.607541
5873.046387 0.000000 2150.130127 0.000000 0.459103 0.000000 -0.888383 0.969525 0.969525 0.969525
5868.673340 0.000000 2142.521729 0.000000 0.115371 0.000000 0.993322 0.331261 0.331261 0.331261
5880.002930 0.000000 2146.275146 0.000000 0.579922 0.000000 -0.814672 0.941278 0.941278 0.941278
5867.219727 0.000000 2140.672363 0.000000 0.926800 0.000000 -0.375555 0.799576 0.799576 0.799576
5862.797852 0.000000 2143.644043 0.000000 0.392726 0.000000 -0.919656 1.024326 1.024326 1.024326
5882.876953 0.000000 2175.585693 0.000000 0.004977 0.000000 -0.999988 0.809456 0.809456 0.809456
5908.247070 0.000000 2170.530762 0.000000 0.327471 0.000000 0.944861 0.596221 0.596221 0.596221
5910.254883 0.000000 2142.916260 0.000000 0.999876 0.000000 -0.015766 0.701047 0.701047 0.701047
5945.691895 0.000000 2125.009766 0.000000 0.956636 0.000000 -0.291285 0.713430 0.713430 0.713430
5924.629395 0.000000 2144.614746 0.000000 0.943407 0.000000 -0.331637 0.729537 0.729537 0.729537
5914.250977 0.000000 2153.289795 0.000000 0.956551 0.000000 0.291565 0.663807 0.663807 0.663807
5910.952148 0.000000 2161.899902 0.000000 0.054192 0.000000 0.998531 0.511825 0.511825 0.511825
5937.040039 0.000000 2124.966064 0.000000 0.999921 0.000000 -0.012536 0.700942 0.700942 0.700942
5928.822754 0.000000 2127.896484 0.000000 0.427526 0.000000 0.904003 0.557937 0.557937 0.557937
5933.418945 0.000000 2141.770752 0.000000 0.990601 0.000000 0.136785 0.682255 0.682255 0.682255
5887.782227 0.000000 2162.601074 0.000000 0.764675 0.000000 -0.644416 0.746503 0.746503 0.746503
5918.214844 0.000000 2139.743652 0.000000 0.497149 0.000000 0.867665 0.657776 0.657776 0.657776
5922.803711 0.000000 2122.629150 0.000000 0.852511 0.000000 0.522709 0.663474 0.663474 0.663474
5927.208984 0.000000 2137.068115 0.000000 0.999760 0.000000 -0.021925 0.703487 0.703487 0.703487
5917.997070 0.000000 2147.293213 0.000000 0.530230 0.000000 0.847854 0.641642 0.641642 0.641642
5917.979980 0.000000 2160.151611 0.000000 0.631231 0.000000 -0.775595 0.845818 0.845818 0.845818
5927.128418 0.000000 2150.923584 0.000000 0.971334 0.000000 -0.237720 0.725167 0.725167 0.725167
5940.800781 0.000000 2141.707275 0.000000 0.487357 0.000000 0.873203 0.521875 0.521875 0.521875
5932.497070 0.000000 2147.874023 0.000000 0.565107 0.000000 0.825018 0.593179 0.593179 0.593179
5948.710938 0.000000 2132.308105 0.000000 0.843889 0.000000 0.536518 0.621816 0.621816 0.621816
5920.948730 0.000000 2152.353027 0.000000 0.998599 0.000000 0.052907 0.697410 0.697410 0.697410
5892.534180 0.000000 2149.516602 0.000000 0.499206 0.000000 -0.866483 0.804405 0.804405 0.804405
5912.985840 0.000000 2167.276123 0.000000 0.034716 0.000000 -0.999397 0.871803 0.871803 0.871803
5939.732910 0.000000 2136.586914 0.000000 0.626473 0.000000 0.779443 0.573482 0.573482 0.573482
5912.688477 0.000000 2148.215088 0.000000 0.995959 0.000000 -0.089805 0.711315 0.711315 0.711315
5930.488770 0.000000 2133.264160 0.000000 0.995160 0.000000 0.098265 0.683488 0.683488 0.683488
5933.854004 0.000000 2128.815186 0.000000 0.919385 0.000000 -0.393359 0.731793 0.731793 0.731793
5922.375977 0.000000 2137.093506 0.000000 0.303763 0.000000 0.952748 0.516925 0.516925 0.516925
5941.393555 0.000000 2127.265381 0.000000 0.412670 0.000000 0.910881 0.631942 0.631942 0.631942
5913.470703 0.000000 2139.323730 0.000000 0.781836 0.000000 0.623484 0.667059 0.667059 0.667059
5928.439941 0.000000 2141.639160 0.000000 0.014031 0.000000 0.999902 0.512280 0.512280 0.512280
5887.315430 0.000000 2150.285645 0.000000 0.969088 0.000000 0.246715 0.686495 0.686495 0.686495
5914.849609 0.000000 2143.734619 0.000000 0.805143 0.000000 -0.593081 0.795417 0.795417 0.795417
5913.534180 0.000000 2157.869873 0.000000 0.424358 0.000000 0.905495 0.666353 0.666353 0.666353
5932.702148 0.000000 2137.354492 0.000000 0.804286 0.000000 0.594242 0.628830 0.628830 0.628830
5937.182617 0.000000 2144.170410 0.000000 0.994996 0.000000 -0.099915 0.716266 0.716266 0.716266
5918.007812 0.000000 2155.678467 0.000000 0.494085 0.000000 -0.869414 0.766311 0.766311 0.766311
5949.062500 0.000000 2127.950439 0.000000 0.860181 0.000000 0.509989 0.643885 0.643885 0.643885
5915.949707 0.000000 2163.894043 0.000000 0.389002 0.000000 -0.921237 0.833045 0.833045 0.833045
5912.477051 0.000000 2171.569092 0.000000 0.124986 0.000000 0.992159 0.593904 0.593904 0.593904
5938.335449 0.000000 2130.213867 0.000000 0.939278 0.000000 0.343157 0.662048 0.662048 0.662048
5923.294922 0.000000 2148.625000 0.000000 0.807471 0.000000 -0.589907 0.724258 0.724258 0.724258
5928.694824 0.000000 2145.917480 0.000000 0.225184 0.000000 -0.974316 0.908987 0.908987 0.908987
5909.051758 0.000000 2165.830566 0.000000 0.996036 0.000000 -0.088952 0.712141 0.712141 0.712141
5924.567871 0.000000 2140.524170 0.000000 0.999815 0.000000 0.019235 0.696907 0.696907 0.696907
5936.980469 0.000000 2139.867920 0.000000 0.895938 0.000000 -0.444179 0.778021 0.778021 0.778021
5945.384277 0.000000 2129.275879 0.000000 0.677001 0.000000 -0.735982 0.831536 0.831536 0.831536
5931.083008 0.000000 2151.562988 0.000000 0.748827 0.000000 -0.662766 0.821549 0.821549 0.821549
5917.376953 0.000000 2151.056885 0.000000 0.952378 0.000000 0.304920 0.668593 0.668593 0.668593
5945.638672 0.000000 2134.425049 0.000000 0.849495 0.000000 -0.527597 0.773815 0.773815 0.773815
5942.898926 0.000000 2138.643066 0.000000 0.339041 0.000000 0.940772 0.672172 0.672172 0.672172
5899.064453 0.000000 2144.651855 0.000000 0.655871 0.000000 0.754873 0.676080 0.676080 0.676080
5926.155273 0.000000 2120.344727 0.000000 0.988724 0.000000 0.149751 0.687128 0.687128 0.687128
5935.802734 0.000000 2147.324707 0.000000 0.984798 0.000000 0.173703 0.683524 0.683524 0.683524
5914.227051 0.000000 2160.985596 0.000000 0.758126 0.000000 -0.652108 0.752139 0.752139 0.752139
5931.645996 0.000000 2144.556641 0.000000 0.836672 0.000000 -0.547704 0.771918 0.771918 0.771918
5939.494141 0.000000 2133.213623 0.000000 0.542332 0.000000 -0.840164 0.764504 0.764504 0.764504
5921.289551 0.000000 2140.651367 0.000000 0.554327 0.000000 -0.832299 0.864957 0.864957 0.864957
5935.821289 0.000000 2136.640869 0.000000 0.404333 0.000000 0.914612 0.593064 0.593064 0.593064
5950.137695 0.000000 2124.875244 0.000000 0.417875 0.000000 -0.908505 0.749793 0.749793 0.749793
5942.511719 0.000000 2135.265625 0.000000 0.989332 0.000000 -0.145681 0.724272 0.724272 0.724272
5922.032715 0.000000 2155.513184 0.000000 0.563953 0.000000 0.825807 0.576045 0.576045 0.576045
5889.743652 0.000000 2148.181396 0.000000 0.986789 0.000000 0.162009 0.677818 0.677818 0.677818
5908.069824 0.000000 2162.652344 0.000000 0.180633 0.000000 0.983551 0.476653 0.476653 0.476653
5890.089355 0.000000 2151.426514 0.000000 0.874893 0.000000 0.484316 0.670843 0.670843 0.670843
5920.226074 0.000000 2149.402100 0.000000 0.059334 0.000000 -0.998238 0.752827 0.752827 0.752827
5919.873047 0.000000 2135.364990 0.000000 0.490033 0.000000 0.871704 0.614895 0.614895 0.614895
5929.698730 0.000000 2148.818359 0.000000 0.344986 0.000000 0.938608 0.591393 0.591393 0.591393
5912.949219 0.000000 2164.175537 0.000000 0.281167 0.000000 0.959659 0.628095 0.628095 0.628095
5915.575195 0.000000 2148.815674 0.000000 0.986818 0.000000 0.161832 0.673014 0.673014 0.673014
5910.403320 0.000000 2168.559570 0.000000 0.825884 0.000000 -0.563840 0.800498 0.800498 0.800498
5921.328613 0.000000 2146.502930 0.000000 0.530293 0.000000 0.847814 0.539085 0.539085 0.539085
5915.988770 0.000000 2137.785400 0.000000 0.729897 0.000000 0.683557 0.667118 0.667118 0.667118
5927.757324 0.000000 2134.165771 0.000000 0.052582 0.000000 0.998617 0.466522 0.466522 0.466522
5933.127441 0.000000 2132.042969 0.000000 0.180262 0.000000 -0.983619 0.801990 0.801990 0.801990
5942.806641 0.000000 2143.889893 0.000000 0.792283 0.000000 -0.610153 0.751609 0.751609 0.751609
5930.187988 0.000000 2136.101318 0.000000 0.725910 0.000000 -0.687790 0.796757 0.796757 0.796757
5928.458496 0.000000 2131.426514 0.000000 0.844663 0.000000 0.535298 0.647682 0.647682 0.647682
5912.807129 0.000000 2150.965576 0.000000 0.570113 0.000000 0.821567 0.649452 0.649452 0.649452
5934.474609 0.000000 2144.601562 0.000000 0.011048 0.000000 0.999939 0.468308 0.468308 0.468308
5931.520508 0.000000 2127.019531 0.000000 0.221305 0.000000 0.975205 0.553982 0.553982 0.553982
5951.260742 0.000000 2133.353760 0.000000 0.078286 0.000000 0.996931 0.577417 0.577417 0.577417
5912.791992 0.000000 2141.953369 0.000000 0.285434 0.000000 0.958398 0.581320 0.581320 0.581320
5915.556152 0.000000 2166.504639 0.000000 0.933476 0.000000 0.358639 0.659615 0.659615 0.659615
5929.875488 0.000000 2122.143311 0.000000 0.556379 0.000000 -0.830928 0.852545 0.852545 0.852545
5897.080566 0.000000 2142.898438 0.000000 0.058200 0.000000 0.998305 0.475317 0.475317 0.475317
5923.433105 0.000000 2130.842041 0.000000 0.185926 0.000000 0.982564 0.506538 0.506538 0.506538
5922.098633 0.000000 2125.481689 0.000000 0.398339 0.000000 0.917238 0.592457 0.592457 0.592457
5916.457520 0.000000 2157.787842 0.000000 0.854873 0.000000 -0.518837 0.755291 0.755291 0.755291
5939.481934 0.000000 2139.181641 0.000000 0.683641 0.000000 0.729819 0.612793 0.612793 0.612793
5915.590820 0.000000 2146.200439 0.000000 0.926145 0.000000 -0.377168 0.737848 0.737848 0.737848
5946.145020 0.000000 2131.828613 0.000000 0.969411 0.000000 0.245444 0.660997 0.660997 0.660997
5922.821289 0.000000 2142.728027 0.000000 0.919859 0.000000 0.392248 0.655622 0.655622 0.655622
5918.004395 0.000000 2128.629883 0.000000 0.716261 0.000000 0.697832 0.662206 0.662206 0.662206
5940.955078 0.000000 2129.893799 0.000000 0.007770 0.000000 0.999970 0.486942 0.486942 0.486942
5897.676270 0.000000 2146.948242 0.000000 0.169195 0.000000 -0.985583 0.812607 0.812607 0.812607
5918.398438 0.000000 2132.946533 0.000000 0.991738 0.000000 0.128281 0.687636 0.687636 0.687636
5937.743652 0.000000 2135.034180 0.000000 0.998077 0.000000 0.061985 0.693713 0.693713 0.693713
5922.493652 0.000000 2134.500244 0.000000 0.207202 0.000000 -0.978298 0.916612 0.916612 0.916612
5926.078125 0.000000 2142.559326 0.000000 0.245156 0.000000 -0.969484 0.903478 0.903478 0.903478
5926.849609 0.000000 2139.545166 0.000000 0.324176 0.000000 -0.945997 0.851770 0.851770 0.851770
5915.458008 0.000000 2155.485596 0.000000 0.192588 0.000000 -0.981280 0.861230 0.861230 0.861230
5924.672363 0.000000 2138.023193 0.000000 0.761346 0.000000 0.648346 0.617405 0.617405 0.617405
5938.377930 0.000000 2142.023926 0.000000 0.688402 0.000000 0.725329 0.604982 0.604982 0.604982
5920.077148 0.000000 2138.158936 0.000000 0.441144 0.000000 -0.897436 0.882987 0.882987 0.882987
5916.796875 0.000000 2153.406982 0.000000 0.305504 0.000000 -0.952191 0.862987 0.862987 0.862987
5927.254395 0.000000 2125.970459 0.000000 0.773044 0.000000 0.634352 0.589518 0.589518 0.589518
5928.926270 0.000000 2152.548584 0.000000 0.282829 0.000000 0.959170 0.585556 0.585556 0.585556
5946.670898 0.000000 2127.222900 0.000000 0.667237 0.000000 -0.744845 0.829228 0.829228 0.829228
5947.808594 0.000000 2130.125977 0.000000 0.678952 0.000000 -0.734183 0.829673 0.829673 0.829673
5889.571289 0.000000 2143.411377 0.000000 0.492084 0.000000 0.870548 0.596624 0.596624 0.596624
5947.935059 0.000000 2134.703369 0.000000 0.068118 0.000000 0.997677 0.592335 0.592335 0.592335
5913.776855 0.000000 2169.587402 0.000000 0.419977 0.000000 0.907535 0.525086 0.525086 0.525086
5918.279785 0.000000 2145.033936 0.000000 0.817449 0.000000 -0.576001 0.799763 0.799763 0.799763
5918.766113 0.000000 2157.977783 0.000000 0.667292 0.000000 0.744796 0.575188 0.575188 0.575188
5917.726074 0.000000 2162.401855 0.000000 0.088017 0.000000 0.996119 0.536762 0.536762 0.536762
5937.939941 0.000000 2146.307129 0.000000 0.424232 0.000000 0.905554 0.589150 0.589150 0.589150
5932.869629 0.000000 2150.174072 0.000000 0.923827 0.000000 -0.382809 0.731580 0.731580 0.731580
5926.770508 0.000000 2153.269287 0.000000 0.076310 0.000000 0.997084 0.498906 0.498906 0.498906
5918.134766 0.000000 2137.041748 0.000000 0.997377 0.000000 0.072377 0.695316 0.695316 0.695316
5937.756836 0.000000 2137.666260 0.000000 0.249769 0.000000 -0.968306 0.902746 0.902746 0.902746
5910.257812 0.000000 2171.586914 0.000000 0.425475 0.000000 -0.904970 0.879912 0.879912 0.879912
5911.369141 0.000000 2165.779053 0.000000 0.504267 0.000000 -0.863548 0.811108 0.811108 0.811108
5943.007324 0.000000 2141.611572 0.000000 0.981403 0.000000 -0.191958 0.721941 0.721941 0.721941
5929.481445 0.000000 2143.871826 0.000000 0.871395 0.000000 -0.490582 0.770791 0.770791 0.770791
5926.813965 0.000000 2144.785889 0.000000 0.998048 0.000000 0.062452 0.692574 0.692574 0.692574
5924.788086 0.000000 2146.979980 0.000000 0.560213 0.000000 0.828348 0.607881 0.607881 0.607881
5915.046387 0.000000 2150.946533 0.000000 0.943374 0.000000 0.331731 0.643862 0.643862 0.643862
5912.232910 0.000000 2160.177002 0.000000 0.092510 0.000000 0.995712 0.457180 0.457180 0.457180
5930.726074 0.000000 2146.661133 0.000000 0.514663 0.000000 -0.857392 0.806219 0.806219 0.806219
5910.173340 0.000000 2163.942383 0.000000 0.391275 0.000000 -0.920274 0.853190 0.853190 0.853190
5909.093262 0.000000 2160.798828 0.000000 0.168362 0.000000 0.985725 0.606920 0.606920 0.606920
5951.110840 0.000000 2126.844727 0.000000 0.504802 0.000000 0.863235 0.525245 0.525245 0.525245
5924.019531 0.000000 2120.834961 0.000000 0.718959 0.000000 0.695053 0.640908 0.640908 0.640908
5920.038086 0.000000 2156.313721 0.000000 0.997900 0.000000 0.064777 0.692863 0.692863 0.692863
5887.282715 0.000000 2169.873291 0.000000 0.109035 0.000000 -0.994038 0.835371 0.835371 0.835371
5927.854980 0.000000 2121.456299 0.000000 0.999901 0.000000 0.014106 0.698792 0.698792 0.698792
5948.301758 0.000000 2126.014160 0.000000 0.815976 0.000000 0.578086 0.635369 0.635369 0.635369
5933.989258 0.000000 2146.534668 0.000000 0.309887 0.000000 -0.950773 0.838252 0.838252 0.838252
5915.921875 0.000000 2159.798584 0.000000 0.999684 0.000000 0.025144 0.695869 0.695869 0.695869
5941.639648 0.000000 2137.018799 0.000000 0.793460 0.000000 -0.608622 0.762892 0.762892 0.762892
5891.352051 0.000000 2142.617676 0.000000 0.670426 0.000000 0.741976 0.613801 0.613801 0.613801
5939.707031 0.000000 2143.440674 0.000000 0.722513 0.000000 -0.691357 0.789381 0.789381 0.789381
5922.686523 0.000000 2153.170898 0.000000 0.662313 0.000000 -0.749227 0.805081 0.805081 0.805081
5941.395996 0.000000 2133.531250 0.000000 0.666372 0.000000 -0.745619 0.827936 0.827936 0.827936
5928.980469 0.000000 2150.545654 0.000000 0.323634 0.000000 -0.946182 0.893054 0.893054 0.893054
5938.390625 0.000000 2126.274658 0.000000 0.714048 0.000000 0.700097 0.603773 0.603773 0.603773
5911.244629 0.000000 2147.017822 0.000000 0.954001 0.000000 -0.299803 0.728202 0.728202 0.728202
5897.036621 0.000000 2144.760986 0.000000 0.208313 0.000000 0.978062 0.485947 0.485947 0.485947
5911.854004 0.000000 2169.787842 0.000000 0.547306 0.000000 0.836932 0.533632 0.533632 0.533632
5919.847656 0.000000 2147.600830 0.000000 0.754415 0.000000 0.656398 0.606150 0.606150 0.606150
5916.522461 0.000000 2144.632080 0.000000 0.103751 0.000000 -0.994603 0.923021 0.923021 0.923021
5920.950684 0.000000 2154.112305 0.000000 0.852070 0.000000 0.523428 0.614321 0.614321 0.614321
5949.538086 0.000000 2133.960693 0.000000 0.816749 0.000000 -0.576994 0.784912 0.784912 0.784912
5927.802246 0.000000 2143.287354 0.000000 0.993428 0.000000 -0.114458 0.717641 0.717641 0.717641
5928.469727 0.000000 2135.769531 0.000000 0.636450 0.000000 -0.771318 0.800065 0.800065 0.800065
5913.979492 0.000000 2149.553223 0.000000 0.388534 0.000000 -0.921435 0.847437 0.847437 0.847437
5889.011230 0.000000 2149.790039 0.000000 0.609327 0.000000 0.792919 0.575195 0.575195 0.575195
5923.307617 0.000000 2146.096680 0.000000 0.721832 0.000000 0.692068 0.574438 0.574438 0.574438
5932.743652 0.000000 2130.292480 0.000000 0.352549 0.000000 0.935793 0.551918 0.551918 0.551918
5926.587891 0.000000 2135.468750 0.000000 0.324495 0.000000 0.945888 0.509255 0.509255 0.509255
5931.206055 0.000000 2149.734863 0.000000 0.997630 0.000000 0.068802 0.688568 0.688568 0.688568
5919.745117 0.000000 2159.655518 0.000000 0.039807 0.000000 0.999207 0.504687 0.504687 0.504687
5936.168945 0.000000 2145.555176 0.000000 0.524378 0.000000 -0.851485 0.865583 0.865583 0.865583
5914.401367 0.000000 2162.991455 0.000000 0.998039 0.000000 -0.062603 0.707116 0.707116 0.707116
5919.931641 0.000000 2145.530273 0.000000 0.930916 0.000000 -0.365233 0.760765 0.760765 0.760765
5930.968262 0.000000 2137.630859 0.000000 0.674920 0.000000 -0.737891 0.805879 0.805879 0.805879
5916.496582 0.000000 2139.463379 0.000000 0.185367 0.000000 -0.982669 0.862091 0.862091 0.862091
5887.319824 0.000000 2164.760742 0.000000 0.982718 0.000000 0.185108 0.678200 0.678200 0.678200
5928.440918 0.000000 2147.692627 0.000000 0.996102 0.000000 -0.088205 0.713891 0.713891 0.713891
5887.597168 0.000000 2166.404785 0.000000 0.995444 0.000000 -0.095348 0.713517 0.713517 0.713517
5917.348633 0.000000 2141.161133 0.000000 0.289117 0.000000 0.957294 0.516933 0.516933 0.516933
5927.172852 0.000000 2127.812012 0.000000 0.996508 0.000000 0.083502 0.688458 0.688458 0.688458
5926.870605 0.000000 2130.834717 0.000000 0.606339 0.000000 -0.795206 0.814071 0.814071 0.814071
5933.156738 0.000000 2127.275146 0.000000 0.987464 0.000000 0.157842 0.675624 0.675624 0.675624
5930.274414 0.000000 2123.740234 0.000000 0.877449 0.000000 0.479670 0.639675 0.639675 0.639675
5932.397461 0.000000 2146.212402 0.000000 0.602365 0.000000 -0.798221 0.801767 0.801767 0.801767
5926.146973 0.000000 2133.873291 0.000000 0.250497 0.000000 0.968117 0.492764 0.492764 0.492764
5947.013184 0.000000 2133.238281 0.000000 0.197820 0.000000 -0.980238 0.894165 0.894165 0.894165
5925.645996 0.000000 2136.768311 0.000000 0.912264 0.000000 -0.409602 0.764163 0.764163 0.764163
5910.222656 0.000000 2166.987549 0.000000 0.476718 0.000000 -0.879056 0.857642 0.857642 0.857642
5929.562988 0.000000 2134.563477 0.000000 0.112522 0.000000 -0.993649 0.865623 0.865623 0.865623
5914.354004 0.000000 2159.310059 0.000000 0.708880 0.000000 -0.705329 0.828607 0.828607 0.828607
5914.950684 0.000000 2157.051025 0.000000 0.632833 0.000000 0.774288 0.576189 0.576189 0.576189
5923.796875 0.000000 2136.237549 0.000000 0.190258 0.000000 -0.981734 0.900077 0.900077 0.900077
5888.004883 0.000000 2144.038818 0.000000 0.818345 0.000000 0.574728 0.602630 0.602630 0.602630
5922.672363 0.000000 2132.267578 0.000000 0.868191 0.000000 0.496230 0.627405 0.627405 0.627405
5944.191406 0.000000 2135.201660 0.000000 0.827179 0.000000 -0.561939 0.779255 0.779255 0.779255
5922.810547 0.000000 2129.389160 0.000000 0.241463 0.000000 0.970410 0.417093 0.417093 0.417093
5929.930664 0.000000 2126.731934 0.000000 0.994659 0.000000 0.103220 0.686989 0.686989 0.686989
5931.455566 0.000000 2122.610352 0.000000 0.453856 0.000000 0.891075 0.567394 0.567394 0.567394
5911.632812 0.000000 2163.343506 0.000000 0.257584 0.000000 0.966256 0.528264 0.528264 0.528264
5935.339844 0.000000 2124.843018 0.000000 0.928049 0.000000 0.372459 0.651311 0.651311 0.651311
5939.996094 0.000000 2126.412598 0.000000 0.930008 0.000000 0.367539 0.653302 0.653302 0.653302
5931.768066 0.000000 2136.106445 0.000000 0.332078 0.000000 -0.943252 0.857208 0.857208 0.857208
5927.315430 0.000000 2132.540527 0.000000 0.697857 0.000000 0.716237 0.574426 0.574426 0.574426
5945.257812 0.000000 2126.513184 0.000000 0.116194 0.000000 0.993227 0.504298 0.504298 0.504298
5914.945801 0.000000 2139.606445 0.000000 0.326959 0.000000 0.945038 0.516145 0.516145 0.516145
5921.203125 0.000000 2139.159912 0.000000 0.996512 0.000000 0.083450 0.686275 0.686275 0.686275
5889.322266 0.000000 2144.850830 0.000000 0.923001 0.000000 -0.384799 0.762815 0.762815 0.762815
5931.008789 0.000000 2148.124756 0.000000 0.529426 0.000000 0.848356 0.531842 0.531842 0.531842
5914.533203 0.000000 2142.239014 0.000000 0.538189 0.000000 0.842824 0.549331 0.549331 0.549331
5950.394043 0.000000 2128.629150 0.000000 0.945832 0.000000 -0.324655 0.755472 0.755472 0.755472
5909.573242 0.000000 2162.573242 0.000000 0.645742 0.000000 0.763556 0.560316 0.560316 0.560316
5911.592773 0.000000 2167.752197 0.000000 0.929469 0.000000 0.368901 0.644536 0.644536 0.644536
5892.886719 0.000000 2143.624023 0.000000 0.039053 0.000000 0.999237 0.451055 0.451055 0.451055
5946.408691 0.000000 2130.273193 0.000000 0.868715 0.000000 -0.495312 0.781503 0.781503 0.781503
5937.209961 0.000000 2136.363770 0.000000 0.021392 0.000000 -0.999771 0.938278 0.938278 0.938278
5916.878906 0.000000 2161.020508 0.000000 0.951780 0.000000 0.306780 0.648778 0.648778 0.648778
5914.004883 0.000000 2151.910645 0.000000 0.267482 0.000000 0.963563 0.484170 0.484170 0.484170
5928.306641 0.000000 2144.600342 0.000000 0.999994 0.000000 0.003362 0.699477 0.699477 0.699477
5912.657227 0.000000 2168.640381 0.000000 0.613071 0.000000 -0.790027 0.840078 0.840078 0.840078
5922.600586 0.000000 2147.375244 0.000000 0.507893 0.000000 -0.861420 0.870525 0.870525 0.870525
5928.896973 0.000000 2123.686768 0.000000 0.981839 0.000000 0.189714 0.670313 0.670313 0.670313
5933.185059 0.000000 2145.079834 0.000000 0.264135 0.000000 -0.964486 0.923240 0.923240 0.923240
5937.048340 0.000000 2142.789795 0.000000 0.463882 0.000000 -0.885897 0.884505 0.884505 0.884505
5920.527344 0.000000 2131.127441 0.000000 0.991591 0.000000 0.129408 0.671878 0.671878 0.671878
5921.318848 0.000000 2137.864014 0.000000 0.035017 0.000000 -0.999387 0.987176 0.987176 0.987176
5941.130371 0.000000 2135.824463 0.000000 0.482417 0.000000 0.875942 0.491081 0.491081 0.491081
5934.652344 0.000000 2141.481445 0.000000 0.450254 0.000000 0.892900 0.485893 0.485893 0.485893
5925.921875 0.000000 2125.905029 0.000000 0.851204 0.000000 -0.524835 0.819731 0.819731 0.819731
5921.787109 0.000000 2133.438721 0.000000 0.676319 0.000000 0.736609 0.516222 0.516222 0.516222
5942.580566 0.000000 2133.890381 0.000000 0.443550 0.000000 -0.896249 0.913618 0.913618 0.913618
5890.498047 0.000000 2144.300537 0.000000 0.104726 0.000000 0.994501 0.390029 0.390029 0.390029
5931.277832 0.000000 2138.814453 0.000000 0.855593 0.000000 0.517650 0.593503 0.593503 0.593503
5924.129395 0.000000 2131.920166 0.000000 0.611371 0.000000 -0.791344 0.888275 0.888275 0.888275
5923.759766 0.000000 2141.944824 0.000000 0.986844 0.000000 -0.161676 0.734055 0.734055 0.734055
5912.276367 0.000000 2146.350098 0.000000 0.968146 0.000000 0.250388 0.646484 0.646484 0.646484
5923.970215 0.000000 2139.480225 0.000000 0.177105 0.000000 0.984192 0.422530 0.422530 0.422530
5887.290527 0.000000 2146.665527 0.000000 0.947924 0.000000 -0.318498 0.773641 0.773641 0.773641
5890.698242 0.000000 2147.216797 0.000000 0.349062 0.000000 -0.937100 0.973733 0.973733 0.973733
5894.653809 0.000000 2144.694824 0.000000 0.850515 0.000000 0.525951 0.569338 0.569338 0.569338
5952.775391 0.000000 2127.340820 0.000000 0.244283 0.000000 0.969704 0.470931 0.470931 0.470931
5954.618652 0.000000 2124.547119 0.000000 0.888708 0.000000 0.458473 0.678359 0.678359 0.678359
5955.506836 0.000000 2127.378418 0.000000 0.843118 0.000000 -0.537729 0.779374 0.779374 0.779374
5954.045898 0.000000 2129.622070 0.000000 0.744142 0.000000 0.668022 0.625850 0.625850 0.625850
5954.152344 0.000000 2126.283691 0.000000 0.169876 0.000000 0.985465 0.504258 0.504258 0.504258
5951.519531 0.000000 2128.408203 0.000000 0.085130 0.000000 0.996370 0.450770 0.450770 0.450770
5951.340332 0.000000 2126.486572 0.000000 0.789918 0.000000 -0.613213 0.810747 0.810747 0.810747
5959.440430 0.000000 2204.793213 0.000000 0.893596 0.000000 0.448873 0.685357 0.685357 0.685357
5959.530273 0.000000 2218.961182 0.000000 0.017853 0.000000 -0.999841 0.716283 0.716283 0.716283
5954.035645 0.000000 2205.010986 0.000000 0.534236 0.000000 -0.845335 0.749284 0.749284 0.749284
5967.055664 0.000000 2212.367188 0.000000 0.348151 0.000000 0.937439 0.663898 0.663898 0.663898
5962.645996 0.000000 2277.261230 0.000000 0.119454 0.000000 0.992840 0.590959 0.590959 0.590959
5959.834473 0.000000 2289.321289 0.000000 0.300619 0.000000 -0.953744 0.761922 0.761922 0.761922
5976.288574 0.000000 2261.785400 0.000000 0.465480 0.000000 -0.885058 0.783554 0.783554 0.783554
5959.530273 0.000000 2282.945557 0.000000 0.988787 0.000000 -0.149330 0.707858 0.707858 0.707858
5980.843262 0.000000 2263.086426 0.000000 0.985677 0.000000 -0.168642 0.714214 0.714214 0.714214
5976.558594 0.000000 2257.405518 0.000000 0.373799 0.000000 -0.927510 0.780948 0.780948 0.780948
5963.332031 0.000000 2285.107178 0.000000 0.980918 0.000000 0.194424 0.687006 0.687006 0.687006
5970.821777 0.000000 2273.580322 0.000000 0.755758 0.000000 0.654851 0.663815 0.663815 0.663815
5962.874023 0.000000 2281.033936 0.000000 0.996287 0.000000 0.086092 0.695029 0.695029 0.695029
5956.541992 0.000000 2281.127441 0.000000 0.924250 0.000000 0.381787 0.660294 0.660294 0.660294
5958.856445 0.000000 2286.101562 0.000000 0.999904 0.000000 0.013853 0.698620 0.698620 0.698620
5974.261230 0.000000 2259.490723 0.000000 0.279910 0.000000 0.960026 0.625773 0.625773 0.625773
5983.865234 0.000000 2263.333740 0.000000 0.880021 0.000000 -0.474935 0.740649 0.740649 0.740649
5972.650879 0.000000 2251.078857 0.000000 0.416712 0.000000 0.909039 0.640182 0.640182 0.640182
5962.419434 0.000000 2287.953125 0.000000 0.822872 0.000000 0.568227 0.644024 0.644024 0.644024
5964.442871 0.000000 2275.056152 0.000000 0.675746 0.000000 0.737134 0.660892 0.660892 0.660892
5979.003906 0.000000 2260.872314 0.000000 0.317571 0.000000 -0.948234 0.798115 0.798115 0.798115
5978.224121 0.000000 2263.699951 0.000000 0.136272 0.000000 0.990671 0.582208 0.582208 0.582208
5973.317871 0.000000 2273.186035 0.000000 0.880237 0.000000 -0.474535 0.735427 0.735427 0.735427
5975.724121 0.000000 2251.923096 0.000000 0.299148 0.000000 0.954207 0.631360 0.631360 0.631360
5969.462891 0.000000 2275.654785 0.000000 0.835643 0.000000 0.549272 0.670530 0.670530 0.670530
5961.529785 0.000000 2291.247314 0.000000 0.339742 0.000000 0.940519 0.548109 0.548109 0.548109
5974.395996 0.000000 2256.241699 0.000000 0.941679 0.000000 0.336512 0.677208 0.677208 0.677208
5979.449219 0.000000 2257.031738 0.000000 0.932864 0.000000 -0.360228 0.725760 0.725760 0.725760
5983.208984 0.000000 2258.715820 0.000000 0.283851 0.000000 0.958868 0.599104 0.599104 0.599104
5976.993164 0.000000 2259.692139 0.000000 0.095148 0.000000 -0.995463 0.808300 0.808300 0.808300
5966.397949 0.000000 2274.426514 0.000000 0.708094 0.000000 -0.706119 0.773986 0.773986 0.773986
"}
