object={
	name="tree_leaf_high_generator_1_0"
	clamp_to_water_level=no
	render_under_water=no
	generated_content=yes
	layer="tree_high_layer"
	pdxmesh="tree_leaf_01_a_mesh"
	count=478
	transform="5566.687500 0.000000 2487.476074 0.000000 0.752150 0.000000 -0.658992 0.820118 0.820118 0.820118
5566.960449 0.000000 2489.924805 0.000000 0.567882 0.000000 0.823110 0.639722 0.639722 0.639722
5565.205566 0.000000 2476.878906 0.000000 0.700583 0.000000 0.713571 0.687325 0.687325 0.687325
5574.573730 0.000000 2492.702881 0.000000 0.141346 0.000000 -0.989960 0.902744 0.902744 0.902744
5570.287598 0.000000 2482.643066 0.000000 0.941744 0.000000 -0.336331 0.838365 0.838365 0.838365
5567.322266 0.000000 2489.795166 0.000000 0.877408 0.000000 0.479745 0.717054 0.717054 0.717054
5545.937012 0.000000 2543.225342 0.000000 0.599716 0.000000 0.800213 0.777767 0.777767 0.777767
5544.687500 0.000000 2538.914307 0.000000 0.859845 0.000000 0.510555 0.779667 0.779667 0.779667
5522.081055 0.000000 2537.749268 0.000000 0.961719 0.000000 -0.274039 0.813306 0.813306 0.813306
5545.685547 0.000000 2546.915283 0.000000 0.628095 0.000000 0.778137 0.748353 0.748353 0.748353
5537.336914 0.000000 2524.557617 0.000000 0.403712 0.000000 0.914886 0.698480 0.698480 0.698480
5518.787598 0.000000 2549.509277 0.000000 0.988566 0.000000 -0.150789 0.813906 0.813906 0.813906
5542.758789 0.000000 2531.947510 0.000000 0.999985 0.000000 0.005523 0.799493 0.799493 0.799493
5543.804688 0.000000 2518.072021 0.000000 0.370093 0.000000 0.928995 0.669095 0.669095 0.669095
5519.544434 0.000000 2555.019287 0.000000 0.941396 0.000000 0.337302 0.759458 0.759458 0.759458
5542.896973 0.000000 2523.451416 0.000000 0.732560 0.000000 0.680703 0.505411 0.505411 0.505411
5563.942383 0.000000 2507.834717 0.000000 0.073690 0.000000 0.997281 0.590704 0.590704 0.590704
5544.973633 0.000000 2536.454834 0.000000 0.133887 0.000000 0.990997 0.610643 0.610643 0.610643
5511.907227 0.000000 2558.489014 0.000000 0.030402 0.000000 -0.999538 1.092270 1.092270 1.092270
5538.873535 0.000000 2523.050293 0.000000 0.922055 0.000000 0.387058 0.652357 0.652357 0.652357
5538.247559 0.000000 2528.561523 0.000000 0.633283 0.000000 -0.773920 0.957314 0.957314 0.957314
5564.349121 0.000000 2509.920410 0.000000 0.538203 0.000000 -0.842816 0.972191 0.972191 0.972191
5519.537109 0.000000 2551.226807 0.000000 0.997886 0.000000 -0.064990 0.815717 0.815717 0.815717
5543.788574 0.000000 2546.655273 0.000000 0.230212 0.000000 -0.973141 1.096737 1.096737 1.096737
5544.125977 0.000000 2513.483398 0.000000 0.802986 0.000000 0.595998 0.579381 0.579381 0.579381
5543.849609 0.000000 2527.193604 0.000000 0.817582 0.000000 -0.575812 0.948285 0.948285 0.948285
5566.747070 0.000000 2506.786133 0.000000 0.107585 0.000000 -0.994196 1.247061 1.247061 1.247061
5542.917969 0.000000 2514.740967 0.000000 0.812939 0.000000 -0.582348 0.986227 0.986227 0.986227
5537.229980 0.000000 2526.201416 0.000000 0.630613 0.000000 0.776098 0.542704 0.542704 0.542704
5572.809082 0.000000 2513.712891 0.000000 0.533175 0.000000 -0.846005 0.852367 0.852367 0.852367
5571.394531 0.000000 2515.034668 0.000000 0.708674 0.000000 -0.705536 1.023680 1.023680 1.023680
5576.541016 0.000000 2495.532227 0.000000 0.999981 0.000000 -0.006178 0.801592 0.801592 0.801592
5526.810059 0.000000 2564.677979 0.000000 0.831391 0.000000 -0.555688 0.820005 0.820005 0.820005
5541.814941 0.000000 2580.048584 0.000000 0.010757 0.000000 0.999942 0.731453 0.731453 0.731453
5519.370605 0.000000 2566.930908 0.000000 0.999298 0.000000 -0.037453 0.802469 0.802469 0.802469
5511.412598 0.000000 2560.712891 0.000000 0.907772 0.000000 -0.419464 0.825935 0.825935 0.825935
5534.051758 0.000000 2576.520508 0.000000 0.487680 0.000000 0.873022 0.683411 0.683411 0.683411
5521.735840 0.000000 2561.536865 0.000000 0.223116 0.000000 0.974792 0.579596 0.579596 0.579596
5517.833496 0.000000 2588.013672 0.000000 0.851200 0.000000 -0.524841 0.901525 0.901525 0.901525
5521.789062 0.000000 2563.486572 0.000000 0.994571 0.000000 0.104062 0.770642 0.770642 0.770642
5423.865723 0.000000 2787.168457 0.000000 0.965698 0.000000 -0.259667 0.818362 0.818362 0.818362
5422.537598 0.000000 2784.445312 0.000000 0.964777 0.000000 -0.263068 0.834027 0.834027 0.834027
5416.348145 0.000000 2804.640869 0.000000 0.995118 0.000000 -0.098690 0.813425 0.813425 0.813425
5382.837402 0.000000 2792.995361 0.000000 0.159168 0.000000 0.987252 0.298396 0.298396 0.298396
5424.599609 0.000000 2805.827881 0.000000 0.940181 0.000000 0.340676 0.731263 0.731263 0.731263
5390.138184 0.000000 2796.286621 0.000000 0.452611 0.000000 -0.891708 1.195850 1.195850 1.195850
5483.701172 0.000000 2784.400391 0.000000 0.958680 0.000000 0.284486 0.776954 0.776954 0.776954
5439.411133 0.000000 2782.403564 0.000000 0.653725 0.000000 -0.756732 0.871998 0.871998 0.871998
5447.338379 0.000000 2777.449951 0.000000 0.801210 0.000000 -0.598384 0.849967 0.849967 0.849967
5458.809570 0.000000 2813.173828 0.000000 0.732234 0.000000 0.681053 0.726680 0.726680 0.726680
5449.853516 0.000000 2779.164795 0.000000 0.555448 0.000000 -0.831551 0.903937 0.903937 0.903937
5464.847168 0.000000 2781.797119 0.000000 0.689836 0.000000 0.723966 0.690055 0.690055 0.690055
5470.047852 0.000000 2765.149414 0.000000 0.573553 0.000000 0.819168 0.684964 0.684964 0.684964
5481.260742 0.000000 2815.259277 0.000000 0.618574 0.000000 -0.785727 0.949835 0.949835 0.949835
5487.030273 0.000000 2804.559326 0.000000 0.212905 0.000000 -0.977073 1.325498 1.325498 1.325498
5499.671875 0.000000 2754.086914 0.000000 0.576890 0.000000 -0.816822 1.013822 1.013822 1.013822
5471.566406 0.000000 2781.678467 0.000000 0.480133 0.000000 0.877196 0.575612 0.575612 0.575612
5468.117676 0.000000 2764.582275 0.000000 0.704863 0.000000 0.709344 0.642504 0.642504 0.642504
5473.786133 0.000000 2767.389160 0.000000 0.420857 0.000000 0.907127 0.586651 0.586651 0.586651
5457.758789 0.000000 2774.018066 0.000000 0.511984 0.000000 0.858995 0.525521 0.525521 0.525521
5497.821289 0.000000 2795.063232 0.000000 0.999636 0.000000 0.026963 0.794399 0.794399 0.794399
5479.796387 0.000000 2802.592773 0.000000 0.118870 0.000000 0.992910 0.405698 0.405698 0.405698
5457.117188 0.000000 2812.370850 0.000000 0.999636 0.000000 0.026963 0.792298 0.792298 0.792298
5480.133789 0.000000 2769.420898 0.000000 0.878162 0.000000 0.478363 0.678463 0.678463 0.678463
5446.502930 0.000000 2779.011230 0.000000 0.287555 0.000000 -0.957764 1.183207 1.183207 1.183207
5499.512695 0.000000 2756.039551 0.000000 0.379052 0.000000 0.925375 0.500180 0.500180 0.500180
5471.800293 0.000000 2799.499268 0.000000 0.818188 0.000000 -0.574950 1.063030 1.063030 1.063030
5465.367676 0.000000 2764.195801 0.000000 0.063321 0.000000 -0.997993 1.251605 1.251605 1.251605
5548.544434 0.000000 2787.717773 0.000000 0.961602 0.000000 -0.274449 0.806663 0.806663 0.806663
5558.982910 0.000000 2809.078613 0.000000 0.795606 0.000000 0.605814 0.468556 0.468556 0.468556
5541.312500 0.000000 2808.752930 0.000000 0.999063 0.000000 0.043287 0.777947 0.777947 0.777947
5551.571289 0.000000 2799.527100 0.000000 0.818870 0.000000 -0.573978 1.111361 1.111361 1.111361
5538.423340 0.000000 2776.937256 0.000000 0.851181 0.000000 0.524872 0.518581 0.518581 0.518581
5530.896973 0.000000 2783.578369 0.000000 0.053752 0.000000 -0.998554 1.572611 1.572611 1.572611
5544.687500 0.000000 2794.851807 0.000000 0.989029 0.000000 -0.147721 0.875510 0.875510 0.875510
5536.415039 0.000000 2783.587402 0.000000 0.674863 0.000000 -0.737943 1.222724 1.222724 1.222724
5539.342285 0.000000 2788.468750 0.000000 0.244217 0.000000 0.969721 0.146805 0.146805 0.146805
5522.277832 0.000000 2781.170898 0.000000 0.797463 0.000000 0.603368 0.470120 0.470120 0.470120
5555.837402 0.000000 2801.873779 0.000000 0.710218 0.000000 0.703982 0.442801 0.442801 0.442801
5540.615234 0.000000 2780.367920 0.000000 0.337442 0.000000 0.941346 0.175299 0.175299 0.175299
5547.130371 0.000000 2791.406738 0.000000 0.250877 0.000000 -0.968019 1.470850 1.470850 1.470850
5532.039062 0.000000 2810.024902 0.000000 0.739450 0.000000 -0.673211 1.176137 1.176137 1.176137
5509.316406 0.000000 2762.500244 0.000000 0.397041 0.000000 -0.917801 0.871976 0.871976 0.871976
5519.370605 0.000000 2758.884033 0.000000 0.456219 0.000000 0.889868 0.313580 0.313580 0.313580
5550.959961 0.000000 2806.864502 0.000000 0.957148 0.000000 -0.289599 0.941420 0.941420 0.941420
5515.836914 0.000000 2804.217529 0.000000 0.590628 0.000000 -0.806944 1.229450 1.229450 1.229450
5518.484375 0.000000 2765.957520 0.000000 0.070038 0.000000 -0.997544 1.432422 1.432422 1.432422
5535.532227 0.000000 2815.077393 0.000000 0.726832 0.000000 -0.686816 1.185587 1.185587 1.185587
5530.274414 0.000000 2800.829346 0.000000 0.967103 0.000000 -0.254384 0.930996 0.930996 0.930996
5544.570312 0.000000 2810.260498 0.000000 0.998847 0.000000 -0.048014 0.824175 0.824175 0.824175
5537.336914 0.000000 2780.495117 0.000000 0.659815 0.000000 0.751428 0.366985 0.366985 0.366985
5557.698242 0.000000 2806.103271 0.000000 0.999802 0.000000 0.019885 0.789872 0.789872 0.789872
5534.188965 0.000000 2812.297852 0.000000 0.836936 0.000000 -0.547301 1.094951 1.094951 1.094951
5540.662109 0.000000 2812.757812 0.000000 0.031281 0.000000 0.999511 0.015934 0.015934 0.015934
5527.848145 0.000000 2776.642090 0.000000 0.938161 0.000000 -0.346199 0.837421 0.837421 0.837421
5520.339844 0.000000 2800.910645 0.000000 0.233698 0.000000 0.972309 0.226778 0.226778 0.226778
5536.273438 0.000000 2789.245850 0.000000 0.999770 0.000000 -0.021459 0.810930 0.810930 0.810930
5536.468262 0.000000 2809.734131 0.000000 0.983112 0.000000 0.183003 0.706269 0.706269 0.706269
5551.208496 0.000000 2809.953369 0.000000 0.967720 0.000000 0.252028 0.670244 0.670244 0.670244
5558.087402 0.000000 2799.853027 0.000000 0.902968 0.000000 -0.429708 1.026213 1.026213 1.026213
5526.411133 0.000000 2798.801758 0.000000 0.341921 0.000000 -0.939729 0.909813 0.909813 0.909813
5561.883301 0.000000 2809.756348 0.000000 0.016909 0.000000 0.999857 0.008612 0.008612 0.008612
5545.746094 0.000000 2788.662109 0.000000 0.861088 0.000000 0.508457 0.528346 0.528346 0.528346
5534.847656 0.000000 2804.292725 0.000000 0.398527 0.000000 0.917157 0.208765 0.208765 0.208765
5528.158203 0.000000 2784.999268 0.000000 0.497470 0.000000 -0.867481 1.334820 1.334820 1.334820
5542.758789 0.000000 2787.885010 0.000000 0.995880 0.000000 0.090682 0.753753 0.753753 0.753753
5528.996582 0.000000 2804.019287 0.000000 0.962000 0.000000 0.273051 0.659148 0.659148 0.659148
5531.622559 0.000000 2788.659424 0.000000 0.202976 0.000000 0.979184 0.196885 0.196885 0.196885
5533.721191 0.000000 2782.648682 0.000000 0.999852 0.000000 0.017197 0.791241 0.791241 0.791241
5537.375977 0.000000 2786.346680 0.000000 0.282260 0.000000 0.959338 0.145735 0.145735 0.145735
5522.562500 0.000000 2796.892578 0.000000 0.738688 0.000000 0.674047 0.479425 0.479425 0.479425
5509.854492 0.000000 2807.208252 0.000000 0.154572 0.000000 -0.987981 1.334359 1.334359 1.334359
5531.675293 0.000000 2780.856934 0.000000 0.900517 0.000000 -0.434820 1.029101 1.029101 1.029101
5528.839355 0.000000 2781.797119 0.000000 0.206349 0.000000 -0.978479 1.447871 1.447871 1.447871
5539.790527 0.000000 2791.074463 0.000000 0.984126 0.000000 -0.177473 0.883028 0.883028 0.883028
5507.174316 0.000000 2807.210205 0.000000 0.485838 0.000000 0.874049 0.258377 0.258377 0.258377
5546.639648 0.000000 2811.815674 0.000000 0.988017 0.000000 -0.154346 0.874900 0.874900 0.874900
5529.140625 0.000000 2814.428223 0.000000 0.467647 0.000000 0.883915 0.247837 0.247837 0.247837
5531.638184 0.000000 2786.044189 0.000000 0.961915 0.000000 0.273348 0.658991 0.658991 0.658991
5539.306641 0.000000 2810.525146 0.000000 0.196887 0.000000 -0.980426 1.499067 1.499067 1.499067
5538.868652 0.000000 2782.571777 0.000000 0.189337 0.000000 -0.981912 1.502986 1.502986 1.502986
5559.318359 0.000000 2811.629150 0.000000 0.537228 0.000000 0.843437 0.338959 0.338959 0.338959
5553.153809 0.000000 2808.267578 0.000000 0.807985 0.000000 0.589204 0.555869 0.555869 0.555869
5546.706543 0.000000 2796.281738 0.000000 0.475470 0.000000 -0.879732 1.208049 1.208049 1.208049
5538.541016 0.000000 2774.343994 0.000000 0.871864 0.000000 0.489747 0.601696 0.601696 0.601696
5542.125488 0.000000 2782.403076 0.000000 0.953123 0.000000 -0.302583 0.956559 0.956559 0.956559
5542.896973 0.000000 2779.388916 0.000000 0.985998 0.000000 0.166760 0.736087 0.736087 0.736087
5531.505371 0.000000 2795.329346 0.000000 0.653854 0.000000 -0.756620 1.219902 1.219902 1.219902
5540.719727 0.000000 2777.866943 0.000000 0.842901 0.000000 -0.538069 1.089354 1.089354 1.089354
5558.472656 0.000000 2797.355957 0.000000 0.957526 0.000000 0.288346 0.761443 0.761443 0.761443
5536.124512 0.000000 2778.002686 0.000000 0.030918 0.000000 0.999522 0.015749 0.015749 0.015749
5524.512207 0.000000 2793.684326 0.000000 0.946142 0.000000 0.323752 0.682792 0.682792 0.682792
5560.188965 0.000000 2806.188477 0.000000 0.794066 0.000000 0.607831 0.473788 0.473788 0.473788
5549.398926 0.000000 2792.215088 0.000000 0.659341 0.000000 0.751844 0.662352 0.662352 0.662352
5566.960449 0.000000 2809.846680 0.000000 0.288749 0.000000 0.957405 0.230854 0.230854 0.230854
5542.256836 0.000000 2795.511475 0.000000 0.120464 0.000000 0.992718 0.293187 0.293187 0.293187
5557.511719 0.000000 2803.674805 0.000000 0.700016 0.000000 0.714127 0.394918 0.394918 0.394918
5544.973633 0.000000 2792.392334 0.000000 0.404809 0.000000 0.914401 0.212259 0.212259 0.212259
5546.975098 0.000000 2793.926270 0.000000 0.356825 0.000000 0.934171 0.284575 0.284575 0.284575
5545.252930 0.000000 2815.259277 0.000000 0.706321 0.000000 0.707892 0.663336 0.663336 0.663336
5521.735840 0.000000 2753.489990 0.000000 0.275338 0.000000 -0.961347 0.962549 0.962549 0.962549
5519.766113 0.000000 2794.235352 0.000000 0.857181 0.000000 -0.515016 0.900492 0.900492 0.900492
5542.291504 0.000000 2811.046631 0.000000 0.030428 0.000000 0.999537 0.015499 0.015499 0.015499
5538.781738 0.000000 2814.574219 0.000000 0.252531 0.000000 -0.967589 1.333356 1.333356 1.333356
5556.039551 0.000000 2811.409668 0.000000 0.708374 0.000000 0.705838 0.425954 0.425954 0.425954
5530.673828 0.000000 2812.225342 0.000000 0.388704 0.000000 0.921363 0.320319 0.320319 0.320319
5526.716797 0.000000 2789.622559 0.000000 0.440867 0.000000 -0.897573 0.949101 0.949101 0.949101
5524.518066 0.000000 2780.729248 0.000000 0.096054 0.000000 -0.995376 1.551005 1.551005 1.551005
5534.327148 0.000000 2784.877686 0.000000 0.996475 0.000000 -0.083886 0.842773 0.842773 0.842773
5534.813477 0.000000 2797.821533 0.000000 0.405980 0.000000 0.913882 0.588188 0.588188 0.588188
5533.773438 0.000000 2802.245605 0.000000 0.992691 0.000000 -0.120688 0.823438 0.823438 0.823438
5535.138672 0.000000 2793.549805 0.000000 0.256089 0.000000 -0.966653 1.376405 1.376405 1.376405
5510.839355 0.000000 2760.800781 0.000000 0.591221 0.000000 -0.806510 1.167276 1.167276 1.167276
5514.900391 0.000000 2806.257812 0.000000 0.936741 0.000000 -0.350024 0.958554 0.958554 0.958554
5542.817871 0.000000 2793.113037 0.000000 0.474822 0.000000 -0.880082 1.186838 1.186838 1.186838
5534.182129 0.000000 2776.885498 0.000000 0.370169 0.000000 -0.928965 1.283124 1.283124 1.283124
5550.591309 0.000000 2801.791016 0.000000 0.590393 0.000000 0.807116 0.494227 0.494227 0.494227
5523.861328 0.000000 2791.596924 0.000000 0.338536 0.000000 -0.940953 1.424109 1.424109 1.424109
5536.818359 0.000000 2805.296875 0.000000 0.529524 0.000000 -0.848295 1.129703 1.129703 1.129703
5551.022461 0.000000 2804.559326 0.000000 0.987320 0.000000 0.158745 0.725176 0.725176 0.725176
5527.416504 0.000000 2805.622803 0.000000 0.885108 0.000000 -0.465385 1.046535 1.046535 1.046535
5542.861328 0.000000 2784.629639 0.000000 0.976025 0.000000 -0.217660 0.911748 0.911748 0.911748
5540.835449 0.000000 2786.823730 0.000000 0.985292 0.000000 -0.170879 0.866879 0.866879 0.866879
5546.281738 0.000000 2808.697021 0.000000 0.973199 0.000000 0.229965 0.687383 0.687383 0.687383
5542.871094 0.000000 2807.183105 0.000000 0.998482 0.000000 0.055070 0.782723 0.782723 0.782723
5531.093750 0.000000 2790.790283 0.000000 0.734149 0.000000 -0.678989 0.913294 0.913294 0.913294
5528.280273 0.000000 2800.020752 0.000000 0.773670 0.000000 -0.633588 1.149470 1.149470 1.149470
5562.086426 0.000000 2804.248779 0.000000 0.654556 0.000000 -0.756013 0.933539 0.933539 0.933539
5554.606445 0.000000 2803.673584 0.000000 0.889204 0.000000 -0.457510 1.005949 1.005949 1.005949
5534.111328 0.000000 2809.381592 0.000000 0.879887 0.000000 -0.475183 1.052189 1.052189 1.052189
5526.220703 0.000000 2803.786133 0.000000 0.960495 0.000000 0.278296 0.656369 0.656369 0.656369
5541.400391 0.000000 2789.490967 0.000000 0.661040 0.000000 -0.750351 1.069480 1.069480 1.069480
5525.140625 0.000000 2800.642578 0.000000 0.996477 0.000000 -0.083862 0.831693 0.831693 0.831693
5565.999512 0.000000 2811.807373 0.000000 0.954650 0.000000 0.297731 0.701581 0.701581 0.701581
5524.487305 0.000000 2797.878906 0.000000 0.402488 0.000000 -0.915425 1.000964 1.000964 1.000964
5538.873535 0.000000 2778.987793 0.000000 0.809510 0.000000 -0.587106 1.119572 1.119572 1.119572
5519.716797 0.000000 2763.856201 0.000000 0.942206 0.000000 0.335034 0.690143 0.690143 0.690143
5535.558594 0.000000 2781.678467 0.000000 0.981986 0.000000 -0.188953 0.896815 0.896815 0.896815
5517.187500 0.000000 2764.359863 0.000000 0.737371 0.000000 -0.675488 1.035511 1.035511 1.035511
5520.563477 0.000000 2766.374512 0.000000 0.363250 0.000000 -0.931692 0.993977 0.993977 0.993977
5538.247559 0.000000 2784.499023 0.000000 0.004180 0.000000 -0.999991 1.316270 1.316270 1.316270
5517.346191 0.000000 2758.540771 0.000000 0.923866 0.000000 -0.382716 0.960014 0.960014 0.960014
5561.725586 0.000000 2811.829590 0.000000 0.839870 0.000000 -0.542788 1.084189 1.084189 1.084189
5529.418945 0.000000 2795.516113 0.000000 0.992016 0.000000 0.126115 0.775502 0.775502 0.775502
5505.344727 0.000000 2762.902100 0.000000 0.000133 0.000000 -1.000000 1.339562 1.339562 1.339562
5510.049316 0.000000 2796.147949 0.000000 0.999212 0.000000 -0.039699 0.811341 0.811341 0.811341
5518.093750 0.000000 2760.397461 0.000000 0.850653 0.000000 0.525728 0.557871 0.557871 0.557871
5511.651855 0.000000 2808.064697 0.000000 0.358525 0.000000 -0.933520 1.365150 1.365150 1.365150
5511.319824 0.000000 2762.774170 0.000000 0.332372 0.000000 0.943148 0.504733 0.504733 0.504733
5514.491699 0.000000 2758.726562 0.000000 0.387992 0.000000 0.921663 0.425368 0.425368 0.425368
5549.711426 0.000000 2814.985596 0.000000 0.303844 0.000000 -0.952722 1.036942 1.036942 1.036942
5527.571289 0.000000 2813.145996 0.000000 0.128102 0.000000 -0.991761 1.534578 1.534578 1.534578
5532.802246 0.000000 2807.921875 0.000000 0.913596 0.000000 -0.406623 0.946362 0.946362 0.946362
5529.645020 0.000000 2786.304688 0.000000 0.782077 0.000000 -0.623182 0.967969 0.967969 0.967969
5560.925293 0.000000 2808.061035 0.000000 0.999552 0.000000 0.029928 0.784756 0.784756 0.784756
5506.957520 0.000000 2809.247803 0.000000 0.892503 0.000000 0.451042 0.607478 0.607478 0.607478
5535.865723 0.000000 2802.616699 0.000000 0.999050 0.000000 -0.043583 0.820985 0.820985 0.820985
5538.086426 0.000000 2790.042725 0.000000 0.549314 0.000000 0.835616 0.339645 0.339645 0.339645
5521.218750 0.000000 2759.502197 0.000000 0.391536 0.000000 0.920163 0.235229 0.235229 0.235229
5549.918945 0.000000 2808.498291 0.000000 0.253590 0.000000 -0.967312 1.409043 1.409043 1.409043
5552.583984 0.000000 2805.827881 0.000000 0.564731 0.000000 -0.825275 1.257533 1.257533 1.257533
5534.366699 0.000000 2789.049316 0.000000 0.733420 0.000000 -0.679776 1.076177 1.076177 1.076177
5541.872070 0.000000 2801.839111 0.000000 0.901525 0.000000 -0.432726 0.909043 0.909043 0.909043
5531.887207 0.000000 2801.832275 0.000000 0.999791 0.000000 0.020433 0.789593 0.789593 0.789593
5557.330078 0.000000 2808.006592 0.000000 0.563731 0.000000 0.825958 0.326368 0.326368 0.326368
5521.295410 0.000000 2795.457764 0.000000 0.997991 0.000000 0.063355 0.787085 0.787085 0.787085
5535.306641 0.000000 2791.234619 0.000000 0.821233 0.000000 0.570592 0.635062 0.635062 0.635062
5552.944336 0.000000 2813.689453 0.000000 0.956964 0.000000 -0.290205 0.864100 0.864100 0.864100
5538.733887 0.000000 2793.014648 0.000000 0.909146 0.000000 -0.416477 1.018776 1.018776 1.018776
5524.542969 0.000000 2812.323975 0.000000 0.758050 0.000000 0.652196 0.649587 0.649587 0.649587
5520.226074 0.000000 2756.921631 0.000000 0.865891 0.000000 -0.500233 1.022860 1.022860 1.022860
5557.611328 0.000000 2810.400635 0.000000 0.898014 0.000000 -0.439967 1.017458 1.017458 1.017458
5538.959473 0.000000 2798.463135 0.000000 0.113158 0.000000 -0.993577 1.248258 1.248258 1.248258
5533.381348 0.000000 2805.619141 0.000000 0.844422 0.000000 -0.535679 1.087911 1.087911 1.087911
5538.236816 0.000000 2808.958252 0.000000 0.999852 0.000000 -0.017180 0.808750 0.808750 0.808750
5545.649902 0.000000 2813.411377 0.000000 0.773001 0.000000 -0.634404 1.007259 1.007259 1.007259
5552.963379 0.000000 2800.988770 0.000000 0.598239 0.000000 0.801318 0.369310 0.369310 0.369310
5519.230469 0.000000 2799.404053 0.000000 0.193545 0.000000 0.981091 0.239358 0.239358 0.239358
5545.027832 0.000000 2790.389404 0.000000 0.229002 0.000000 0.973426 0.117674 0.117674 0.117674
5558.276855 0.000000 2801.969482 0.000000 0.087280 0.000000 -0.996184 1.274034 1.274034 1.274034
5536.488770 0.000000 2807.770996 0.000000 0.569448 0.000000 0.822027 0.308549 0.308549 0.308549
5541.546387 0.000000 2791.649902 0.000000 0.906074 0.000000 0.423120 0.586221 0.586221 0.586221
5556.096191 0.000000 2804.875977 0.000000 0.432765 0.000000 0.901507 0.227939 0.227939 0.227939
5528.792969 0.000000 2802.105225 0.000000 0.882479 0.000000 -0.470352 1.049397 1.049397 1.049397
5556.044434 0.000000 2800.055420 0.000000 0.722869 0.000000 0.690985 0.411483 0.411483 0.411483
5549.531738 0.000000 2805.656738 0.000000 0.132800 0.000000 -0.991143 1.184746 1.184746 1.184746
5523.395996 0.000000 2795.140625 0.000000 0.769468 0.000000 0.638685 0.484525 0.484525 0.484525
5540.197266 0.000000 2795.448730 0.000000 0.970145 0.000000 -0.242528 0.888068 0.888068 0.888068
5541.024414 0.000000 2799.023438 0.000000 0.736330 0.000000 0.676623 0.476427 0.476427 0.476427
5521.789062 0.000000 2755.439697 0.000000 0.186657 0.000000 0.982425 0.297269 0.297269 0.297269
5524.737793 0.000000 2789.939697 0.000000 0.390379 0.000000 0.920654 0.507965 0.507965 0.507965
5518.110840 0.000000 2754.743164 0.000000 0.658221 0.000000 0.752824 0.440808 0.440808 0.440808
5535.895020 0.000000 2787.444580 0.000000 0.111451 0.000000 0.993770 0.056880 0.056880 0.056880
5532.569824 0.000000 2784.475830 0.000000 0.420762 0.000000 0.907171 0.221180 0.221180 0.221180
5555.650391 0.000000 2807.310303 0.000000 0.963540 0.000000 -0.267563 0.889261 0.889261 0.889261
5551.785156 0.000000 2811.728027 0.000000 0.545985 0.000000 0.837795 0.383419 0.383419 0.383419
5544.162109 0.000000 2808.511475 0.000000 0.201424 0.000000 -0.979504 1.428404 1.428404 1.428404
5509.076172 0.000000 2797.658447 0.000000 0.578582 0.000000 0.815624 0.375189 0.375189 0.375189
5554.011230 0.000000 2809.944092 0.000000 0.115597 0.000000 -0.993296 1.282373 1.282373 1.282373
5516.059570 0.000000 2762.020996 0.000000 0.559148 0.000000 -0.829068 1.174818 1.174818 1.174818
5549.666992 0.000000 2799.291260 0.000000 0.181662 0.000000 0.983361 0.456222 0.456222 0.456222
5530.562988 0.000000 2804.876953 0.000000 0.678109 0.000000 0.734962 0.621915 0.621915 0.621915
5536.998047 0.000000 2793.956055 0.000000 0.856349 0.000000 0.516397 0.590831 0.590831 0.590831
5543.849609 0.000000 2783.131104 0.000000 0.985790 0.000000 -0.167981 0.885959 0.885959 0.885959
5535.865234 0.000000 2811.413330 0.000000 0.857365 0.000000 0.514708 0.524640 0.524640 0.524640
5537.067871 0.000000 2814.220215 0.000000 0.100577 0.000000 -0.994929 1.404824 1.404824 1.404824
5530.026855 0.000000 2789.396973 0.000000 0.934079 0.000000 -0.357067 0.961163 0.961163 0.961163
5506.649414 0.000000 2805.516357 0.000000 0.333133 0.000000 -0.942880 1.252446 1.252446 1.252446
5527.881836 0.000000 2778.457031 0.000000 0.863850 0.000000 -0.503749 1.000338 1.000338 1.000338
5509.712891 0.000000 2794.366455 0.000000 0.486174 0.000000 0.873862 0.411446 0.411446 0.411446
5513.871094 0.000000 2804.867676 0.000000 0.320175 0.000000 0.947358 0.429537 0.429537 0.429537
5539.800293 0.000000 2807.811768 0.000000 0.762608 0.000000 -0.646861 1.014962 1.014962 1.014962
5539.354980 0.000000 2785.940430 0.000000 0.205856 0.000000 0.978582 0.350680 0.350680 0.350680
5538.419922 0.000000 2801.664062 0.000000 0.968391 0.000000 0.249437 0.720447 0.720447 0.720447
5516.013672 0.000000 2799.012695 0.000000 0.839023 0.000000 0.544095 0.623049 0.623049 0.623049
5547.253906 0.000000 2789.578613 0.000000 0.209689 0.000000 0.977768 0.107592 0.107592 0.107592
5530.448730 0.000000 2802.835205 0.000000 0.323922 0.000000 -0.946084 1.221332 1.221332 1.221332
5532.382324 0.000000 2811.945068 0.000000 0.990445 0.000000 -0.137909 0.870461 0.870461 0.870461
5518.122559 0.000000 2796.286621 0.000000 0.075504 0.000000 -0.997145 1.238988 1.238988 1.238988
5549.639648 0.000000 2796.276367 0.000000 0.831568 0.000000 0.555422 0.585947 0.585947 0.585947
5535.682129 0.000000 2813.227051 0.000000 0.767543 0.000000 0.640998 0.445633 0.445633 0.445633
5513.244141 0.000000 2759.895996 0.000000 0.959338 0.000000 -0.282258 0.891441 0.891441 0.891441
5537.607422 0.000000 2788.218018 0.000000 0.626251 0.000000 -0.779622 1.255342 1.255342 1.255342
5560.233398 0.000000 2810.203613 0.000000 0.813744 0.000000 -0.581223 1.107210 1.107210 1.107210
5535.979004 0.000000 2785.374023 0.000000 0.687634 0.000000 0.726058 0.386161 0.386161 0.386161
5558.924805 0.000000 2807.358887 0.000000 0.907428 0.000000 -0.420208 1.020869 1.020869 1.020869
5532.543945 0.000000 2779.307129 0.000000 0.677386 0.000000 -0.735628 1.220981 1.220981 1.220981
5564.632812 0.000000 2813.780029 0.000000 0.896253 0.000000 0.443543 0.654065 0.654065 0.654065
5544.823730 0.000000 2811.903809 0.000000 0.435944 0.000000 0.899974 0.236445 0.236445 0.236445
5527.963867 0.000000 2783.320557 0.000000 0.633200 0.000000 -0.773988 1.171235 1.171235 1.171235
5533.458984 0.000000 2813.796631 0.000000 0.708007 0.000000 -0.706205 1.199351 1.199351 1.199351
5543.814941 0.000000 2789.158447 0.000000 0.957260 0.000000 0.289230 0.650561 0.650561 0.650561
5541.955078 0.000000 2813.801270 0.000000 0.795488 0.000000 -0.605969 1.131543 1.131543 1.131543
5544.488281 0.000000 2787.536377 0.000000 0.449929 0.000000 0.893065 0.237681 0.237681 0.237681
5558.807129 0.000000 2804.871338 0.000000 0.720879 0.000000 0.693060 0.410019 0.410019 0.410019
5533.395996 0.000000 2781.004883 0.000000 0.083819 0.000000 0.996481 0.277341 0.277341 0.277341
5545.606934 0.000000 2797.530273 0.000000 0.592719 0.000000 0.805409 0.334334 0.334334 0.334334
5538.197754 0.000000 2796.999023 0.000000 0.763109 0.000000 -0.646270 1.041390 1.041390 1.041390
5538.948242 0.000000 2780.921387 0.000000 0.957159 0.000000 0.289564 0.650383 0.650383 0.650383
5527.259277 0.000000 2781.355469 0.000000 0.838759 0.000000 0.544503 0.621750 0.621750 0.621750
5542.388184 0.000000 2786.311768 0.000000 0.652251 0.000000 -0.758003 1.238119 1.238119 1.238119
5563.405273 0.000000 2810.485352 0.000000 0.998621 0.000000 0.052492 0.773254 0.773254 0.773254
5526.047852 0.000000 2794.466553 0.000000 0.502484 0.000000 -0.864587 1.094094 1.094094 1.094094
5537.229980 0.000000 2782.138916 0.000000 0.997278 0.000000 -0.073739 0.837589 0.837589 0.837589
5540.523926 0.000000 2782.812500 0.000000 0.977736 0.000000 -0.209837 0.907669 0.907669 0.907669
5559.300293 0.000000 2798.749268 0.000000 0.286933 0.000000 0.957951 0.148217 0.148217 0.148217
5562.976074 0.000000 2808.532227 0.000000 0.641868 0.000000 0.766815 0.435229 0.435229 0.435229
5530.097168 0.000000 2780.700439 0.000000 0.114512 0.000000 0.993422 0.058449 0.058449 0.058449
5514.600586 0.000000 2761.301758 0.000000 0.744569 0.000000 0.667545 0.525558 0.525558 0.525558
5592.728027 0.000000 2788.058838 0.000000 0.431797 0.000000 -0.901971 1.372607 1.372607 1.372607
5578.492676 0.000000 2776.399170 0.000000 0.535852 0.000000 -0.844312 1.311985 1.311985 1.311985
5608.679688 0.000000 2794.851807 0.000000 0.985757 0.000000 0.168175 0.713940 0.713940 0.713940
5586.869141 0.000000 2785.455322 0.000000 0.285924 0.000000 0.958252 0.147681 0.147681 0.147681
5586.270020 0.000000 2781.170898 0.000000 0.481597 0.000000 -0.876393 1.344091 1.344091 1.344091
5604.607422 0.000000 2780.367920 0.000000 0.308232 0.000000 0.951311 0.742237 0.742237 0.742237
5578.921387 0.000000 2792.908936 0.000000 0.447565 0.000000 0.894251 0.236334 0.236334 0.236334
5583.103027 0.000000 2788.226562 0.000000 0.970478 0.000000 -0.241188 0.924059 0.924059 0.924059
5622.938477 0.000000 2778.486816 0.000000 0.021111 0.000000 -0.999777 1.589248 1.589248 1.589248
5604.603027 0.000000 2793.607422 0.000000 0.627787 0.000000 0.778385 0.345663 0.345663 0.345663
5579.104004 0.000000 2784.495605 0.000000 0.496106 0.000000 0.868262 0.293786 0.293786 0.293786
5572.589355 0.000000 2793.002441 0.000000 0.999236 0.000000 -0.039075 0.819360 0.819360 0.819360
5570.806152 0.000000 2812.629639 0.000000 0.851926 0.000000 -0.523663 0.834124 0.834124 0.834124
5574.903809 0.000000 2797.976562 0.000000 0.395513 0.000000 -0.918461 1.295252 1.295252 1.295252
5589.539062 0.000000 2787.596191 0.000000 0.584595 0.000000 -0.811325 1.282005 1.282005 1.282005
5611.685547 0.000000 2784.400391 0.000000 0.761999 0.000000 0.647578 0.441251 0.441251 0.441251
5602.072266 0.000000 2795.356934 0.000000 0.523494 0.000000 -0.852030 1.315332 1.315332 1.315332
5592.150391 0.000000 2784.999268 0.000000 0.977678 0.000000 0.210109 0.694303 0.694303 0.694303
5606.750977 0.000000 2787.885010 0.000000 0.084818 0.000000 0.996396 0.043250 0.043250 0.043250
5583.291992 0.000000 2781.457764 0.000000 0.986899 0.000000 -0.161342 0.875087 0.875087 0.875087
5625.043945 0.000000 2780.501465 0.000000 0.481529 0.000000 0.876430 0.255870 0.255870 0.255870
5572.005371 0.000000 2795.849121 0.000000 0.000426 0.000000 -1.000000 1.599783 1.599783 1.599783
5573.846680 0.000000 2807.208252 0.000000 0.002528 0.000000 0.999997 0.026345 0.026345 0.026345
5577.837891 0.000000 2779.164795 0.000000 0.132596 0.000000 -0.991170 1.394431 1.394431 1.394431
5614.514160 0.000000 2784.445312 0.000000 0.989824 0.000000 0.142299 0.738688 0.738688 0.738688
5580.500000 0.000000 2778.394043 0.000000 0.053394 0.000000 -0.998573 1.445510 1.445510 1.445510
5569.270508 0.000000 2810.488770 0.000000 0.965064 0.000000 0.262014 0.770349 0.770349 0.770349
5571.166504 0.000000 2807.210205 0.000000 0.824258 0.000000 0.566215 0.560772 0.560772 0.560772
5606.117676 0.000000 2782.403076 0.000000 0.819501 0.000000 0.573078 0.489199 0.489199 0.489199
5589.365234 0.000000 2785.061035 0.000000 0.729087 0.000000 -0.684421 1.183912 1.183912 1.183912
5580.889648 0.000000 2790.279297 0.000000 0.798289 0.000000 -0.602274 1.129182 1.129182 1.129182
5585.510254 0.000000 2787.529785 0.000000 0.822585 0.000000 0.568642 0.491950 0.491950 0.491950
5585.169922 0.000000 2783.364258 0.000000 0.958020 0.000000 -0.286700 0.948093 0.948093 0.948093
5587.818848 0.000000 2783.038086 0.000000 0.955164 0.000000 0.296077 0.646914 0.646914 0.646914
5630.952637 0.000000 2809.846680 0.000000 0.976314 0.000000 -0.216357 0.911068 0.911068 0.911068
5596.836426 0.000000 2793.250732 0.000000 0.905125 0.000000 -0.425145 0.862269 0.862269 0.862269
5606.249023 0.000000 2795.511475 0.000000 0.923899 0.000000 0.382638 0.600025 0.600025 0.600025
5608.965820 0.000000 2792.392334 0.000000 0.984569 0.000000 0.174999 0.710413 0.710413 0.710413
5610.967285 0.000000 2793.926270 0.000000 0.990077 0.000000 0.140523 0.728195 0.728195 0.728195
5631.220703 0.000000 2787.686279 0.000000 0.999992 0.000000 -0.003969 0.801546 0.801546 0.801546
5590.708984 0.000000 2789.622559 0.000000 0.622583 0.000000 0.782553 0.367397 0.367397 0.367397
5588.510254 0.000000 2780.729248 0.000000 0.726362 0.000000 0.687313 0.414064 0.414064 0.414064
5581.127930 0.000000 2782.846924 0.000000 0.448956 0.000000 -0.893554 1.362873 1.362873 1.362873
5599.130859 0.000000 2793.549805 0.000000 0.023307 0.000000 -0.999728 1.096707 1.096707 1.096707
5617.979492 0.000000 2786.150879 0.000000 0.718137 0.000000 -0.695902 1.110519 1.110519 1.110519
5606.810059 0.000000 2793.113037 0.000000 0.706522 0.000000 -0.707692 1.200421 1.200421 1.200421
5627.406738 0.000000 2780.037842 0.000000 0.257620 0.000000 0.966246 0.328965 0.328965 0.328965
5606.853516 0.000000 2784.629639 0.000000 0.903603 0.000000 0.428372 0.574540 0.574540 0.574540
5604.827637 0.000000 2786.823730 0.000000 0.989206 0.000000 0.146531 0.775328 0.775328 0.775328
5610.765625 0.000000 2786.504883 0.000000 0.994908 0.000000 -0.100789 0.851419 0.851419 0.851419
5584.689941 0.000000 2785.592773 0.000000 0.483026 0.000000 0.875606 0.256740 0.256740 0.256740
5576.818359 0.000000 2793.071045 0.000000 0.991326 0.000000 -0.131426 0.867129 0.867129 0.867129
5584.626465 0.000000 2779.797852 0.000000 0.283112 0.000000 0.959087 0.394892 0.394892 0.394892
5581.825684 0.000000 2779.966797 0.000000 0.012759 0.000000 0.999919 0.137193 0.137193 0.137193
5600.077637 0.000000 2796.157471 0.000000 0.128170 0.000000 0.991752 0.290140 0.290140 0.290140
5567.322266 0.000000 2809.717041 0.000000 0.940030 0.000000 -0.341091 0.955028 0.955028 0.955028
5614.628906 0.000000 2788.940186 0.000000 0.809029 0.000000 -0.587769 1.086108 1.086108 1.086108
5614.028809 0.000000 2786.378418 0.000000 0.192872 0.000000 -0.981224 1.184946 1.184946 1.184946
5574.041504 0.000000 2796.147949 0.000000 0.364234 0.000000 -0.931308 1.309638 1.309638 1.309638
5582.445312 0.000000 2786.301514 0.000000 0.948009 0.000000 -0.318242 0.964948 0.964948 0.964948
5574.813965 0.000000 2792.995361 0.000000 0.145982 0.000000 -0.989287 1.525386 1.525386 1.525386
5593.637207 0.000000 2786.304688 0.000000 0.791720 0.000000 0.610884 0.465302 0.465302 0.465302
5570.949707 0.000000 2809.247803 0.000000 0.384172 0.000000 -0.923262 1.328688 1.328688 1.328688
5580.782715 0.000000 2792.395508 0.000000 0.512537 0.000000 -0.858665 1.226930 1.226930 1.226930
5580.974121 0.000000 2784.927979 0.000000 0.094164 0.000000 0.995557 0.048028 0.048028 0.048028
5602.726074 0.000000 2793.014648 0.000000 0.589635 0.000000 -0.807670 1.278834 1.278834 1.278834
5587.501953 0.000000 2787.290527 0.000000 0.591335 0.000000 -0.806426 1.122255 1.122255 1.122255
5602.951660 0.000000 2798.463135 0.000000 0.971091 0.000000 0.238711 0.733565 0.733565 0.733565
5579.020020 0.000000 2782.637451 0.000000 0.027648 0.000000 -0.999618 1.237648 1.237648 1.237648
5605.538574 0.000000 2791.649902 0.000000 0.032273 0.000000 -0.999479 1.350029 1.350029 1.350029
5604.189453 0.000000 2795.448730 0.000000 0.213796 0.000000 0.976878 0.109732 0.109732 0.109732
5591.284180 0.000000 2786.861572 0.000000 0.333790 0.000000 0.942648 0.173324 0.173324 0.173324
5605.016602 0.000000 2799.023438 0.000000 0.762080 0.000000 0.647483 0.581976 0.581976 0.581976
5588.729980 0.000000 2789.939697 0.000000 0.038319 0.000000 0.999266 0.405169 0.405169 0.405169
5571.133301 0.000000 2794.104248 0.000000 0.740900 0.000000 0.671615 0.427903 0.427903 0.427903
5624.865723 0.000000 2778.613281 0.000000 0.645198 0.000000 0.764015 0.357161 0.357161 0.357161
5573.068359 0.000000 2797.658447 0.000000 0.187535 0.000000 0.982258 0.405252 0.405252 0.405252
5607.841797 0.000000 2783.131104 0.000000 0.540669 0.000000 0.841236 0.290926 0.290926 0.290926
5576.614746 0.000000 2776.258545 0.000000 0.975293 0.000000 0.220914 0.723924 0.723924 0.723924
5581.302734 0.000000 2788.483643 0.000000 0.981955 0.000000 -0.189116 0.896899 0.896899 0.896899
5570.641602 0.000000 2805.516357 0.000000 0.972199 0.000000 -0.234157 0.876472 0.876472 0.876472
5573.705078 0.000000 2794.366455 0.000000 0.662967 0.000000 0.748649 0.369125 0.369125 0.369125
5611.246094 0.000000 2789.578613 0.000000 0.328958 0.000000 -0.944345 1.374993 1.374993 1.374993
5574.399414 0.000000 2805.596924 0.000000 0.357695 0.000000 -0.933838 1.343907 1.343907 1.343907
5573.083984 0.000000 2813.510010 0.000000 0.763773 0.000000 -0.645485 0.984982 0.984982 0.984982
5579.566406 0.000000 2791.264648 0.000000 0.133301 0.000000 -0.991076 1.531908 1.531908 1.531908
5574.289062 0.000000 2776.137695 0.000000 0.703458 0.000000 0.710736 0.548954 0.548954 0.548954
5591.956055 0.000000 2783.320557 0.000000 0.675401 0.000000 0.737450 0.481993 0.481993 0.481993
5607.807129 0.000000 2789.158447 0.000000 0.564924 0.000000 -0.825143 1.294249 1.294249 1.294249
5626.213379 0.000000 2781.687256 0.000000 0.995507 0.000000 0.094687 0.765909 0.765909 0.765909
5608.480469 0.000000 2787.536377 0.000000 0.109094 0.000000 0.994031 0.187024 0.187024 0.187024
5572.493652 0.000000 2808.245605 0.000000 0.999869 0.000000 0.016204 0.794725 0.794725 0.794725
5602.189941 0.000000 2796.999023 0.000000 0.633922 0.000000 0.773397 0.437986 0.437986 0.437986
5591.251465 0.000000 2781.355469 0.000000 0.936040 0.000000 0.351894 0.644870 0.644870 0.644870
5588.220215 0.000000 2814.354248 0.000000 0.955380 0.000000 -0.295379 0.904803 0.904803 0.904803
5606.380371 0.000000 2786.311768 0.000000 0.417162 0.000000 -0.908832 1.380840 1.380840 1.380840
5576.109863 0.000000 2778.920898 0.000000 0.159872 0.000000 -0.987138 1.383031 1.383031 1.383031
5569.411133 0.000000 2792.724854 0.000000 0.381874 0.000000 -0.924214 1.183815 1.183815 1.183815
5604.516113 0.000000 2782.812500 0.000000 0.998600 0.000000 -0.052895 0.826952 0.826952 0.826952
5612.437012 0.000000 2786.056152 0.000000 0.467602 0.000000 -0.883939 1.352189 1.352189 1.352189
5577.664062 0.000000 2774.955078 0.000000 0.541919 0.000000 0.840431 0.522918 0.522918 0.522918
5539.617676 0.000000 2831.862549 0.000000 0.986181 0.000000 -0.165673 0.884767 0.884767 0.884767
5541.814941 0.000000 2835.986084 0.000000 0.639327 0.000000 0.768935 0.757954 0.757954 0.757954
5535.991211 0.000000 2830.716064 0.000000 0.122258 0.000000 0.992498 0.062421 0.062421 0.062421
5561.686035 0.000000 2838.253174 0.000000 0.998040 0.000000 -0.062572 0.803877 0.803877 0.803877
5559.835938 0.000000 2823.505859 0.000000 0.998855 0.000000 0.047839 0.797132 0.797132 0.797132
5542.202637 0.000000 2824.172852 0.000000 0.989577 0.000000 0.144005 0.788455 0.788455 0.788455
5551.868652 0.000000 2840.468994 0.000000 0.587148 0.000000 -0.809479 1.269097 1.269097 1.269097
5540.917969 0.000000 2829.044922 0.000000 0.685006 0.000000 -0.728537 1.156995 1.156995 1.156995
5561.051758 0.000000 2844.485840 0.000000 0.624362 0.000000 0.781135 0.706895 0.706895 0.706895
5528.923828 0.000000 2822.626465 0.000000 0.125196 0.000000 0.992132 0.063930 0.063930 0.063930
5545.922852 0.000000 2825.971436 0.000000 0.348872 0.000000 -0.937170 0.955232 0.955232 0.955232
5538.145996 0.000000 2829.309814 0.000000 0.995184 0.000000 -0.098025 0.850004 0.850004 0.850004
5559.152832 0.000000 2829.004395 0.000000 0.195033 0.000000 -0.980797 1.403947 1.403947 1.403947
5553.791016 0.000000 2838.862305 0.000000 0.294284 0.000000 0.955718 0.609450 0.609450 0.609450
5534.040039 0.000000 2829.133789 0.000000 0.425680 0.000000 0.904874 0.223944 0.223944 0.223944
5563.699707 0.000000 2823.902588 0.000000 0.752887 0.000000 0.658150 0.683787 0.683787 0.683787
5529.891602 0.000000 2824.923584 0.000000 0.233994 0.000000 0.972238 0.120287 0.120287 0.120287
5536.633301 0.000000 2827.391602 0.000000 0.966781 0.000000 0.255606 0.706561 0.706561 0.706561
5553.016602 0.000000 2815.971924 0.000000 0.151467 0.000000 0.988462 0.598817 0.598817 0.598817
5553.804199 0.000000 2841.494385 0.000000 0.478283 0.000000 -0.878206 1.142598 1.142598 1.142598
5559.307617 0.000000 2833.728516 0.000000 0.512324 0.000000 0.858792 0.626711 0.626711 0.626711
5527.177734 0.000000 2815.468994 0.000000 0.531158 0.000000 0.847273 0.440641 0.440641 0.440641
5560.675293 0.000000 2815.383057 0.000000 0.695625 0.000000 0.718405 0.633517 0.633517 0.633517
5562.916504 0.000000 2815.429443 0.000000 0.616130 0.000000 -0.787644 1.104323 1.104323 1.104323
5567.158203 0.000000 2830.672852 0.000000 0.899849 0.000000 0.436202 0.721569 0.721569 0.721569
5522.542480 0.000000 2826.595947 0.000000 0.669899 0.000000 -0.742452 1.142583 1.142583 1.142583
5534.145020 0.000000 2815.385010 0.000000 0.999992 0.000000 -0.003994 0.802034 0.802034 0.802034
5533.785156 0.000000 2822.014160 0.000000 0.740048 0.000000 0.672554 0.492086 0.492086 0.492086
5535.693848 0.000000 2819.165283 0.000000 0.838970 0.000000 -0.544177 0.986175 0.986175 0.986175
5564.349121 0.000000 2829.842285 0.000000 0.344158 0.000000 0.938912 0.512606 0.512606 0.512606
5532.109863 0.000000 2828.566650 0.000000 0.422466 0.000000 -0.906379 1.019815 1.019815 1.019815
5540.805664 0.000000 2815.953369 0.000000 0.088786 0.000000 0.996051 0.373804 0.373804 0.373804
5541.697266 0.000000 2831.004883 0.000000 0.980742 0.000000 0.195308 0.728939 0.728939 0.728939
5559.375000 0.000000 2817.873047 0.000000 0.247781 0.000000 0.968816 0.169717 0.169717 0.169717
5552.433105 0.000000 2825.950439 0.000000 0.994469 0.000000 0.105033 0.780034 0.780034 0.780034
5556.144043 0.000000 2826.240234 0.000000 0.787978 0.000000 -0.615704 1.113960 1.113960 1.113960
5537.778320 0.000000 2831.373535 0.000000 0.502400 0.000000 -0.864635 1.273514 1.273514 1.273514
5539.629395 0.000000 2817.697998 0.000000 0.845560 0.000000 0.533880 0.551417 0.551417 0.551417
5564.675293 0.000000 2822.336182 0.000000 0.451381 0.000000 0.892331 0.555586 0.555586 0.555586
5534.076660 0.000000 2818.311035 0.000000 0.774721 0.000000 0.632303 0.578521 0.578521 0.578521
5565.645020 0.000000 2823.829834 0.000000 0.412320 0.000000 0.911039 0.545984 0.545984 0.545984
5556.303711 0.000000 2838.649902 0.000000 0.686434 0.000000 -0.727192 1.086210 1.086210 1.086210
5539.403809 0.000000 2828.133057 0.000000 0.886453 0.000000 0.462818 0.554941 0.554941 0.554941
5535.829102 0.000000 2828.963623 0.000000 0.953196 0.000000 -0.302352 0.956435 0.956435 0.956435
5540.512207 0.000000 2833.330322 0.000000 0.095524 0.000000 -0.995427 1.406913 1.406913 1.406913
5533.178223 0.000000 2823.711914 0.000000 0.634998 0.000000 -0.772514 1.168497 1.168497 1.168497
5536.937988 0.000000 2815.834229 0.000000 0.666264 0.000000 0.745716 0.453736 0.453736 0.453736
5550.415527 0.000000 2841.361572 0.000000 0.833270 0.000000 0.552867 0.508674 0.508674 0.508674
5557.543945 0.000000 2828.779541 0.000000 0.981687 0.000000 0.190499 0.745258 0.745258 0.745258
5542.194336 0.000000 2837.701416 0.000000 0.714793 0.000000 -0.699336 0.999537 0.999537 0.999537
5539.654297 0.000000 2830.214844 0.000000 0.504193 0.000000 0.863591 0.269136 0.269136 0.269136
5568.034668 0.000000 2849.478271 0.000000 0.982573 0.000000 -0.185879 0.801867 0.801867 0.801867
5587.196777 0.000000 2836.791260 0.000000 0.818117 0.000000 -0.575052 0.817131 0.817131 0.817131
5575.487305 0.000000 2849.495850 0.000000 0.554839 0.000000 -0.831958 0.835326 0.835326 0.835326
5580.918945 0.000000 2836.095947 0.000000 0.517952 0.000000 -0.855410 0.838947 0.838947 0.838947
5579.926758 0.000000 2844.946289 0.000000 0.279531 0.000000 -0.960137 0.851429 0.851429 0.851429
5579.104004 0.000000 2848.479980 0.000000 0.976718 0.000000 -0.214529 0.813387 0.813387 0.813387
5570.666016 0.000000 2828.375244 0.000000 0.085436 0.000000 0.996344 0.702108 0.702108 0.702108
5579.806641 0.000000 2824.179932 0.000000 0.740832 0.000000 0.671690 0.742633 0.742633 0.742633
5567.392090 0.000000 2833.889893 0.000000 0.840518 0.000000 -0.541784 0.846885 0.846885 0.846885
5575.928223 0.000000 2838.620850 0.000000 0.555951 0.000000 -0.831215 0.884274 0.884274 0.884274
5584.362305 0.000000 2835.549805 0.000000 0.064687 0.000000 0.997906 0.643586 0.643586 0.643586
5571.554199 0.000000 2831.206543 0.000000 0.773284 0.000000 0.634059 0.717699 0.717699 0.717699
5580.500000 0.000000 2842.378418 0.000000 0.998650 0.000000 0.051952 0.794706 0.794706 0.794706
5570.093262 0.000000 2833.450195 0.000000 0.980305 0.000000 0.197488 0.775780 0.775780 0.775780
5567.392578 0.000000 2824.561523 0.000000 0.929886 0.000000 0.367848 0.747336 0.747336 0.747336
5571.817383 0.000000 2824.970947 0.000000 0.953745 0.000000 -0.300618 0.859764 0.859764 0.859764
5577.069336 0.000000 2830.401611 0.000000 0.941009 0.000000 -0.338382 0.867565 0.867565 0.867565
5581.179688 0.000000 2828.344238 0.000000 0.890243 0.000000 -0.455486 0.876507 0.876507 0.876507
5568.688477 0.000000 2820.397461 0.000000 0.704808 0.000000 0.709398 0.673991 0.673991 0.673991
5571.352539 0.000000 2837.126709 0.000000 0.597638 0.000000 -0.801766 0.970929 0.970929 0.970929
5574.813965 0.000000 2833.907715 0.000000 0.371321 0.000000 -0.928505 1.040122 1.040122 1.040122
5575.312012 0.000000 2826.758545 0.000000 0.245354 0.000000 -0.969434 1.027227 1.027227 1.027227
5586.739258 0.000000 2815.783691 0.000000 0.794885 0.000000 -0.606760 1.119028 1.119028 1.119028
5585.210938 0.000000 2823.486572 0.000000 0.953810 0.000000 -0.300411 0.857284 0.857284 0.857284
5584.218262 0.000000 2820.906006 0.000000 0.859773 0.000000 0.510676 0.695095 0.695095 0.695095
5571.187500 0.000000 2822.978027 0.000000 0.999169 0.000000 0.040768 0.789249 0.789249 0.789249
5574.416992 0.000000 2832.060059 0.000000 0.848003 0.000000 0.529991 0.687321 0.687321 0.687321
5580.977051 0.000000 2830.917725 0.000000 0.805114 0.000000 -0.593120 0.947100 0.947100 0.947100
5589.377441 0.000000 2819.659424 0.000000 0.266644 0.000000 -0.963795 1.265075 1.265075 1.265075
5578.213379 0.000000 2829.081299 0.000000 0.859207 0.000000 -0.511628 0.989863 0.989863 0.989863
5573.047852 0.000000 2815.858643 0.000000 0.985100 0.000000 0.171985 0.758229 0.758229 0.758229
5638.565918 0.000000 2812.624756 0.000000 0.077899 0.000000 -0.996961 1.536434 1.536434 1.536434
5631.349609 0.000000 2787.974854 0.000000 0.992759 0.000000 0.120126 0.753102 0.753102 0.753102
5631.314453 0.000000 2809.717041 0.000000 0.911843 0.000000 0.410540 0.584545 0.584545 0.584545
5634.941895 0.000000 2809.247803 0.000000 0.941775 0.000000 -0.336245 0.870545 0.870545 0.870545
5638.538574 0.000000 2810.638428 0.000000 0.834266 0.000000 -0.551363 0.981955 0.981955 0.981955
5637.076172 0.000000 2813.510010 0.000000 0.970341 0.000000 -0.241739 0.860955 0.860955 0.860955
"}
