object={
	name="tree_leaf_high_generator_2_0"
	clamp_to_water_level=no
	render_under_water=no
	generated_content=yes
	layer="tree_high_layer"
	pdxmesh="tree_leaf_01_b_mesh"
	count=906
	transform="952.178772 0.000000 2539.148682 0.000000 0.776852 0.000000 -0.629684 0.412584 0.412584 0.412584
955.616943 0.000000 2541.580566 0.000000 0.118501 0.000000 -0.992954 0.470326 0.470326 0.470326
993.550232 0.000000 2536.259277 0.000000 0.564998 0.000000 -0.825092 0.510953 0.510953 0.510953
985.289917 0.000000 2532.121338 0.000000 0.988400 0.000000 -0.151873 0.416976 0.416976 0.416976
987.451416 0.000000 2527.640869 0.000000 0.801281 0.000000 -0.598288 0.473014 0.473014 0.473014
971.941223 0.000000 2541.044678 0.000000 0.411787 0.000000 -0.911280 0.527645 0.527645 0.527645
994.634399 0.000000 2539.419434 0.000000 0.170138 0.000000 0.985420 0.348278 0.348278 0.348278
999.313232 0.000000 2531.947510 0.000000 0.999553 0.000000 0.029891 0.397268 0.397268 0.397268
993.930420 0.000000 2530.409180 0.000000 0.868084 0.000000 -0.496418 0.446169 0.446169 0.446169
979.116699 0.000000 2540.955078 0.000000 0.378171 0.000000 -0.925736 0.503368 0.503368 0.503368
1002.789734 0.000000 2520.007568 0.000000 0.888006 0.000000 0.459833 0.377813 0.377813 0.377813
1007.076050 0.000000 2528.507812 0.000000 0.914994 0.000000 -0.403468 0.418456 0.418456 0.418456
1020.761169 0.000000 2548.852783 0.000000 0.604101 0.000000 -0.796908 0.444203 0.444203 0.444203
999.451172 0.000000 2523.451416 0.000000 0.085039 0.000000 0.996378 0.296148 0.296148 0.296148
977.144043 0.000000 2534.359863 0.000000 0.361718 0.000000 0.932288 0.330456 0.330456 0.330456
975.547180 0.000000 2547.091309 0.000000 0.975192 0.000000 -0.221361 0.412260 0.412260 0.412260
1016.743469 0.000000 2550.250977 0.000000 0.769982 0.000000 0.638065 0.361648 0.361648 0.361648
1020.410034 0.000000 2514.032227 0.000000 0.984389 0.000000 0.176004 0.390283 0.390283 0.390283
991.367798 0.000000 2541.884033 0.000000 0.989422 0.000000 -0.145067 0.411267 0.411267 0.411267
968.461548 0.000000 2558.489014 0.000000 0.849055 0.000000 -0.528304 0.427792 0.427792 0.427792
970.854919 0.000000 2539.065430 0.000000 0.661569 0.000000 0.749885 0.353431 0.353431 0.353431
983.970764 0.000000 2549.685303 0.000000 0.643000 0.000000 -0.765866 0.455756 0.455756 0.455756
977.252014 0.000000 2529.655273 0.000000 0.149433 0.000000 -0.988772 0.490806 0.490806 0.490806
969.126648 0.000000 2543.193359 0.000000 0.061401 0.000000 -0.998113 0.497219 0.497219 0.497219
1017.479431 0.000000 2552.123535 0.000000 0.267368 0.000000 -0.963594 0.482445 0.482445 0.482445
864.101868 0.000000 2687.108643 0.000000 0.843591 0.000000 -0.536987 0.457457 0.457457 0.457457
839.151489 0.000000 2684.656006 0.000000 0.019108 0.000000 -0.999817 0.455784 0.455784 0.455784
877.285522 0.000000 2669.753418 0.000000 0.962286 0.000000 0.272038 0.392709 0.392709 0.392709
879.368530 0.000000 2635.134277 0.000000 0.921183 0.000000 0.389130 0.382039 0.382039 0.382039
836.582886 0.000000 2667.880371 0.000000 0.245079 0.000000 -0.969503 0.463426 0.463426 0.463426
861.074890 0.000000 2669.662842 0.000000 0.698062 0.000000 -0.716037 0.468941 0.468941 0.468941
860.208313 0.000000 2658.075439 0.000000 0.549057 0.000000 0.835785 0.355037 0.355037 0.355037
842.781738 0.000000 2680.431396 0.000000 0.398657 0.000000 -0.917100 0.449843 0.449843 0.449843
848.114319 0.000000 2682.988037 0.000000 0.770220 0.000000 0.637779 0.346474 0.346474 0.346474
875.544983 0.000000 2665.957520 0.000000 0.730995 0.000000 0.682383 0.365126 0.365126 0.365126
841.490601 0.000000 2668.758545 0.000000 0.901146 0.000000 -0.433516 0.428210 0.428210 0.428210
867.351501 0.000000 2686.605469 0.000000 0.517254 0.000000 0.855832 0.326147 0.326147 0.326147
849.522583 0.000000 2670.668701 0.000000 0.377030 0.000000 0.926201 0.320176 0.320176 0.320176
888.802368 0.000000 2634.999756 0.000000 0.529124 0.000000 -0.848544 0.463745 0.463745 0.463745
856.186218 0.000000 2668.744873 0.000000 0.299828 0.000000 -0.953993 0.488518 0.488518 0.488518
946.252502 0.000000 2619.767578 0.000000 0.997942 0.000000 -0.064119 0.407657 0.407657 0.407657
921.595154 0.000000 2615.166748 0.000000 0.798457 0.000000 -0.602052 0.474840 0.474840 0.474840
930.985474 0.000000 2584.984131 0.000000 0.945713 0.000000 0.325003 0.394711 0.394711 0.394711
918.373962 0.000000 2622.082520 0.000000 0.203525 0.000000 0.979070 0.375449 0.375449 0.375449
922.836548 0.000000 2608.876221 0.000000 0.982233 0.000000 0.187664 0.380865 0.380865 0.380865
916.679321 0.000000 2610.542969 0.000000 0.906847 0.000000 -0.421460 0.441708 0.441708 0.441708
920.275635 0.000000 2602.384277 0.000000 0.690328 0.000000 0.723496 0.366075 0.366075 0.366075
937.068054 0.000000 2579.317139 0.000000 0.781482 0.000000 -0.623928 0.456181 0.456181 0.456181
921.416504 0.000000 2598.856201 0.000000 0.245724 0.000000 -0.969340 0.445564 0.445564 0.445564
926.613647 0.000000 2576.520508 0.000000 0.801445 0.000000 -0.598068 0.450576 0.450576 0.450576
945.715759 0.000000 2616.314453 0.000000 0.259773 0.000000 -0.965670 0.496659 0.496659 0.496659
924.067444 0.000000 2603.376221 0.000000 0.114481 0.000000 0.993425 0.295308 0.295308 0.295308
939.487549 0.000000 2590.022949 0.000000 0.992491 0.000000 0.122315 0.391245 0.391245 0.391245
952.593750 0.000000 2609.223145 0.000000 0.583365 0.000000 -0.812210 0.449224 0.449224 0.449224
958.977112 0.000000 2608.381348 0.000000 0.542921 0.000000 0.839783 0.332803 0.332803 0.332803
938.090637 0.000000 2591.762451 0.000000 0.749646 0.000000 0.661839 0.348358 0.348358 0.348358
943.198730 0.000000 2596.987061 0.000000 0.856443 0.000000 0.516241 0.365060 0.365060 0.365060
1016.523010 0.000000 2611.729248 0.000000 0.540690 0.000000 0.841222 0.276727 0.276727 0.276727
960.090332 0.000000 2605.810303 0.000000 0.049987 0.000000 -0.998750 0.432652 0.432652 0.432652
1022.837280 0.000000 2622.030029 0.000000 0.884336 0.000000 -0.466851 0.416249 0.416249 0.416249
961.832764 0.000000 2618.535645 0.000000 0.900689 0.000000 0.434465 0.378456 0.378456 0.378456
975.547180 0.000000 2611.075684 0.000000 0.999763 0.000000 0.021783 0.398727 0.398727 0.398727
1017.095276 0.000000 2584.639893 0.000000 0.813797 0.000000 -0.581149 0.427248 0.427248 0.427248
1014.066101 0.000000 2611.721680 0.000000 0.036257 0.000000 -0.999343 0.476621 0.476621 0.476621
1020.410034 0.000000 2578.016602 0.000000 0.529980 0.000000 -0.848010 0.468736 0.468736 0.468736
995.335876 0.000000 2622.621094 0.000000 0.061421 0.000000 0.998112 0.300521 0.300521 0.300521
922.860229 0.000000 2665.164795 0.000000 0.829532 0.000000 -0.558459 0.467751 0.467751 0.467751
915.515930 0.000000 2661.578613 0.000000 0.860425 0.000000 -0.509577 0.402937 0.402937 0.402937
959.479736 0.000000 2670.209717 0.000000 0.886717 0.000000 0.462312 0.345767 0.345767 0.345767
939.599976 0.000000 2642.036377 0.000000 0.437787 0.000000 0.899079 0.371539 0.371539 0.371539
958.845093 0.000000 2686.014404 0.000000 0.099451 0.000000 -0.995043 0.543977 0.543977 0.543977
954.445129 0.000000 2681.787598 0.000000 0.993190 0.000000 0.116503 0.395103 0.395103 0.395103
959.510193 0.000000 2667.069092 0.000000 0.337475 0.000000 0.941334 0.295274 0.295274 0.295274
901.635803 0.000000 2658.739990 0.000000 0.758796 0.000000 -0.651329 0.434001 0.434001 0.434001
949.564514 0.000000 2641.768799 0.000000 0.693346 0.000000 0.720605 0.365045 0.365045 0.365045
949.612732 0.000000 2626.402344 0.000000 0.677159 0.000000 0.735837 0.362841 0.362841 0.362841
914.080017 0.000000 2659.561035 0.000000 0.702252 0.000000 -0.711928 0.439162 0.439162 0.439162
939.487549 0.000000 2654.007324 0.000000 0.106711 0.000000 -0.994290 0.524989 0.524989 0.524989
913.151855 0.000000 2662.328613 0.000000 0.554980 0.000000 -0.831864 0.465243 0.465243 0.465243
951.034973 0.000000 2669.387207 0.000000 0.148636 0.000000 0.988892 0.332567 0.332567 0.332567
913.739624 0.000000 2655.395508 0.000000 0.963244 0.000000 0.268628 0.385877 0.385877 0.385877
911.554993 0.000000 2675.060059 0.000000 0.960673 0.000000 0.277683 0.387355 0.387355 0.387355
950.073914 0.000000 2675.706055 0.000000 0.986545 0.000000 0.163490 0.387208 0.387208 0.387208
939.082397 0.000000 2628.269287 0.000000 0.924874 0.000000 -0.380273 0.419672 0.419672 0.419672
935.423218 0.000000 2656.660889 0.000000 0.871910 0.000000 0.489666 0.362697 0.362697 0.362697
953.569824 0.000000 2668.888916 0.000000 0.348123 0.000000 -0.937449 0.470386 0.470386 0.470386
968.049805 0.000000 2652.683838 0.000000 0.453419 0.000000 0.891297 0.270905 0.270905 0.270905
990.598572 0.000000 2659.168213 0.000000 0.692871 0.000000 -0.721061 0.489671 0.489671 0.489671
1022.541931 0.000000 2647.675049 0.000000 0.317880 0.000000 -0.948131 0.429271 0.429271 0.429271
975.341675 0.000000 2677.478027 0.000000 0.391043 0.000000 -0.920372 0.438525 0.438525 0.438525
965.328979 0.000000 2651.464355 0.000000 0.900116 0.000000 0.435651 0.384470 0.384470 0.384470
985.408691 0.000000 2662.840576 0.000000 0.908275 0.000000 -0.418373 0.416165 0.416165 0.416165
1006.971985 0.000000 2637.994141 0.000000 0.935889 0.000000 -0.352296 0.415460 0.415460 0.415460
1022.374329 0.000000 2650.415771 0.000000 0.955440 0.000000 0.295184 0.385786 0.385786 0.385786
1013.604919 0.000000 2626.402344 0.000000 0.776211 0.000000 -0.630473 0.437126 0.437126 0.437126
1003.529358 0.000000 2665.957520 0.000000 0.874008 0.000000 0.485912 0.366557 0.366557 0.366557
961.639038 0.000000 2686.420654 0.000000 0.451579 0.000000 -0.892231 0.461091 0.461091 0.461091
983.271118 0.000000 2661.653809 0.000000 0.575800 0.000000 0.817590 0.351250 0.351250 0.351250
830.073486 0.000000 2738.429932 0.000000 0.907051 0.000000 0.421020 0.349660 0.349660 0.349660
854.871948 0.000000 2718.775635 0.000000 0.324432 0.000000 -0.945909 0.537493 0.537493 0.537493
860.265442 0.000000 2695.008545 0.000000 0.519899 0.000000 0.854228 0.274214 0.274214 0.274214
869.103210 0.000000 2733.261475 0.000000 0.223664 0.000000 -0.974666 0.555830 0.555830 0.555830
841.573730 0.000000 2697.589111 0.000000 0.808366 0.000000 -0.588680 0.475112 0.475112 0.475112
871.826233 0.000000 2712.927490 0.000000 0.766070 0.000000 -0.642757 0.482610 0.482610 0.482610
876.845154 0.000000 2745.565430 0.000000 0.923869 0.000000 -0.382710 0.446866 0.446866 0.446866
866.331726 0.000000 2739.338623 0.000000 0.475184 0.000000 -0.879886 0.519229 0.519229 0.519229
833.198425 0.000000 2743.889648 0.000000 0.536050 0.000000 -0.844186 0.512911 0.512911 0.512911
843.956848 0.000000 2732.997803 0.000000 0.965627 0.000000 0.259930 0.370328 0.370328 0.370328
869.185242 0.000000 2716.383545 0.000000 0.422946 0.000000 0.906155 0.372819 0.372819 0.372819
837.786194 0.000000 2695.239014 0.000000 0.363306 0.000000 -0.931670 0.430532 0.430532 0.430532
841.045654 0.000000 2704.541748 0.000000 0.928023 0.000000 -0.372524 0.438882 0.438882 0.438882
869.232117 0.000000 2748.773438 0.000000 0.539860 0.000000 -0.841755 0.498915 0.498915 0.498915
890.878601 0.000000 2697.896973 0.000000 0.977249 0.000000 0.212097 0.392957 0.392957 0.392957
879.368530 0.000000 2699.118652 0.000000 0.865130 0.000000 0.501547 0.379276 0.379276 0.379276
833.532715 0.000000 2741.063477 0.000000 0.858698 0.000000 0.512482 0.353790 0.353790 0.353790
838.424316 0.000000 2743.223877 0.000000 0.967513 0.000000 0.252823 0.376390 0.376390 0.376390
878.987610 0.000000 2701.978516 0.000000 0.996977 0.000000 -0.077699 0.406485 0.406485 0.406485
845.077576 0.000000 2714.409668 0.000000 0.800250 0.000000 -0.599667 0.450091 0.450091 0.450091
837.827820 0.000000 2718.080811 0.000000 0.866788 0.000000 0.498677 0.378103 0.378103 0.378103
841.697937 0.000000 2718.757812 0.000000 0.663068 0.000000 -0.748559 0.463776 0.463776 0.463776
833.864319 0.000000 2736.241455 0.000000 0.009060 0.000000 0.999959 0.315783 0.315783 0.315783
848.114319 0.000000 2746.972412 0.000000 0.724841 0.000000 -0.688917 0.452747 0.452747 0.452747
846.446289 0.000000 2692.605225 0.000000 0.506777 0.000000 0.862077 0.346547 0.346547 0.346547
853.943054 0.000000 2721.076660 0.000000 0.725471 0.000000 -0.688253 0.444345 0.444345 0.444345
852.396667 0.000000 2719.053711 0.000000 0.845926 0.000000 -0.533301 0.428648 0.428648 0.428648
888.607178 0.000000 2703.248535 0.000000 0.809229 0.000000 -0.587493 0.444837 0.444837 0.444837
843.134766 0.000000 2746.893799 0.000000 0.235655 0.000000 -0.971837 0.489847 0.489847 0.489847
858.461548 0.000000 2696.954834 0.000000 0.821377 0.000000 -0.570385 0.436671 0.436671 0.436671
885.717529 0.000000 2692.652588 0.000000 0.998256 0.000000 0.059034 0.396697 0.396697 0.396697
872.561768 0.000000 2694.952881 0.000000 0.315613 0.000000 0.948888 0.309522 0.309522 0.309522
838.199341 0.000000 2735.723145 0.000000 0.734310 0.000000 0.678814 0.353803 0.353803 0.353803
867.443237 0.000000 2715.003418 0.000000 0.287145 0.000000 0.957887 0.321416 0.321416 0.321416
828.520081 0.000000 2763.772217 0.000000 0.998639 0.000000 0.052157 0.396378 0.396378 0.396378
833.400574 0.000000 2767.184570 0.000000 0.148374 0.000000 0.988931 0.243810 0.243810 0.243810
879.751526 0.000000 2760.202393 0.000000 0.955817 0.000000 -0.293961 0.433520 0.433520 0.433520
862.624878 0.000000 2795.522217 0.000000 0.770266 0.000000 -0.637723 0.410704 0.410704 0.410704
886.594421 0.000000 2762.592041 0.000000 0.975730 0.000000 0.218975 0.396583 0.396583 0.396583
864.560913 0.000000 2766.731689 0.000000 0.874563 0.000000 0.484912 0.389889 0.389889 0.389889
846.305847 0.000000 2752.896240 0.000000 0.845357 0.000000 0.534202 0.383961 0.383961 0.383961
879.778259 0.000000 2809.953369 0.000000 0.600774 0.000000 0.799419 0.314433 0.314433 0.314433
845.816528 0.000000 2768.912842 0.000000 0.466424 0.000000 0.884561 0.355012 0.355012 0.355012
863.417480 0.000000 2804.292725 0.000000 0.776111 0.000000 -0.630596 0.425211 0.425211 0.425211
839.912720 0.000000 2788.421387 0.000000 0.199374 0.000000 0.979923 0.276179 0.276179 0.276179
857.493958 0.000000 2758.642090 0.000000 0.989909 0.000000 -0.141705 0.412424 0.412424 0.412424
858.849121 0.000000 2775.574951 0.000000 0.966516 0.000000 0.256606 0.376936 0.376936 0.376936
875.841064 0.000000 2754.038330 0.000000 0.787395 0.000000 0.616449 0.342956 0.342956 0.342956
874.161194 0.000000 2765.047852 0.000000 0.576922 0.000000 -0.816799 0.441044 0.441044 0.441044
890.762085 0.000000 2771.672363 0.000000 0.678968 0.000000 -0.734168 0.439519 0.439519 0.439519
887.722961 0.000000 2765.020020 0.000000 0.976571 0.000000 -0.215196 0.411696 0.411696 0.411696
887.888184 0.000000 2811.629150 0.000000 0.551165 0.000000 -0.834397 0.473433 0.473433 0.473433
877.503052 0.000000 2758.748779 0.000000 0.996443 0.000000 -0.084271 0.406488 0.406488 0.406488
873.822815 0.000000 2815.259277 0.000000 0.027796 0.000000 0.999614 0.315252 0.315252 0.315252
853.104065 0.000000 2757.195557 0.000000 0.937504 0.000000 0.347976 0.376043 0.376043 0.376043
883.801086 0.000000 2767.856934 0.000000 0.491790 0.000000 0.870714 0.326664 0.326664 0.326664
889.245117 0.000000 2751.398682 0.000000 0.916363 0.000000 -0.400349 0.425502 0.425502 0.425502
849.133179 0.000000 2766.374512 0.000000 0.884870 0.000000 -0.465839 0.431696 0.431696 0.431696
925.516357 0.000000 2706.757812 0.000000 0.963714 0.000000 0.266936 0.395008 0.395008 0.395008
946.899414 0.000000 2697.515625 0.000000 0.997078 0.000000 -0.076392 0.401794 0.401794 0.401794
901.778381 0.000000 2695.239014 0.000000 0.609234 0.000000 0.792990 0.379882 0.379882 0.379882
918.878479 0.000000 2707.381348 0.000000 0.781384 0.000000 0.624050 0.373417 0.373417 0.373417
951.416077 0.000000 2719.749268 0.000000 0.798775 0.000000 0.601630 0.341015 0.341015 0.341015
919.013306 0.000000 2704.132324 0.000000 0.859133 0.000000 0.511752 0.360569 0.360569 0.360569
929.448669 0.000000 2697.154053 0.000000 0.879669 0.000000 -0.475587 0.434646 0.434646 0.434646
950.073914 0.000000 2739.690430 0.000000 0.749364 0.000000 0.662158 0.355554 0.355554 0.355554
952.599365 0.000000 2703.248535 0.000000 0.979928 0.000000 -0.199354 0.413629 0.413629 0.413629
952.593750 0.000000 2737.191895 0.000000 0.777657 0.000000 0.628689 0.361641 0.361641 0.361641
921.610413 0.000000 2707.582764 0.000000 0.708816 0.000000 -0.705393 0.453560 0.453560 0.453560
951.616760 0.000000 2717.470947 0.000000 0.717136 0.000000 -0.696933 0.447743 0.447743 0.447743
932.628906 0.000000 2696.694336 0.000000 0.987888 0.000000 0.155171 0.390198 0.390198 0.390198
926.707092 0.000000 2687.416260 0.000000 0.043413 0.000000 -0.999057 0.488465 0.488465 0.488465
997.164978 0.000000 2729.623047 0.000000 0.998054 0.000000 -0.062354 0.401589 0.401589 0.401589
972.391052 0.000000 2740.233154 0.000000 0.999999 0.000000 0.001257 0.399864 0.399864 0.399864
969.103638 0.000000 2694.243652 0.000000 0.884004 0.000000 0.467480 0.385427 0.385427 0.385427
967.135864 0.000000 2748.640381 0.000000 0.907127 0.000000 -0.420858 0.413664 0.413664 0.413664
974.290222 0.000000 2688.911865 0.000000 0.918896 0.000000 -0.394499 0.412351 0.412351 0.412351
972.368652 0.000000 2696.211182 0.000000 0.947942 0.000000 -0.318443 0.411813 0.411813 0.411813
1019.030029 0.000000 2738.070068 0.000000 0.999662 0.000000 0.025987 0.399208 0.399208 0.399208
1018.437317 0.000000 2745.771973 0.000000 0.335344 0.000000 -0.942096 0.519032 0.519032 0.519032
969.023865 0.000000 2700.435791 0.000000 0.627188 0.000000 -0.778868 0.438786 0.438786 0.438786
1004.509766 0.000000 2742.611816 0.000000 0.793264 0.000000 0.608878 0.372543 0.372543 0.372543
990.027161 0.000000 2691.997803 0.000000 0.949699 0.000000 -0.313164 0.427991 0.427991 0.427991
991.384277 0.000000 2695.935791 0.000000 0.899360 0.000000 0.437209 0.358880 0.358880 0.358880
976.924377 0.000000 2707.581055 0.000000 0.808751 0.000000 0.588151 0.375198 0.375198 0.375198
962.491882 0.000000 2710.644531 0.000000 0.434680 0.000000 0.900585 0.300918 0.300918 0.300918
1020.761169 0.000000 2740.805908 0.000000 0.013308 0.000000 0.999911 0.270129 0.270129 0.270129
977.214539 0.000000 2697.633301 0.000000 0.619628 0.000000 0.784895 0.328348 0.328348 0.328348
1022.374329 0.000000 2714.400146 0.000000 0.112063 0.000000 0.993701 0.343925 0.343925 0.343925
974.430664 0.000000 2692.605225 0.000000 0.830907 0.000000 -0.556411 0.443899 0.443899 0.443899
995.095276 0.000000 2710.359619 0.000000 0.370675 0.000000 -0.928762 0.484449 0.484449 0.484449
988.850769 0.000000 2697.447266 0.000000 0.295695 0.000000 0.955282 0.339095 0.339095 0.339095
1005.782532 0.000000 2747.850586 0.000000 0.235900 0.000000 0.971777 0.333459 0.333459 0.333459
990.327515 0.000000 2738.261230 0.000000 0.242134 0.000000 -0.970243 0.486086 0.486086 0.486086
1022.989746 0.000000 2741.174561 0.000000 0.275610 0.000000 -0.961270 0.496734 0.496734 0.496734
982.859375 0.000000 2747.446289 0.000000 0.913694 0.000000 -0.406402 0.428629 0.428629 0.428629
983.731934 0.000000 2687.500244 0.000000 0.436827 0.000000 -0.899545 0.460886 0.460886 0.460886
977.117554 0.000000 2702.390137 0.000000 0.251483 0.000000 0.967862 0.318485 0.318485 0.318485
1021.277588 0.000000 2742.872559 0.000000 0.829452 0.000000 0.558578 0.360642 0.360642 0.360642
955.160156 0.000000 2777.921143 0.000000 0.022545 0.000000 -0.999746 0.575484 0.575484 0.575484
912.096436 0.000000 2777.915771 0.000000 0.208616 0.000000 -0.977998 0.564410 0.564410 0.564410
951.262329 0.000000 2771.854492 0.000000 0.964630 0.000000 0.263606 0.368699 0.368699 0.368699
912.263367 0.000000 2813.469482 0.000000 0.777376 0.000000 -0.629037 0.480166 0.480166 0.480166
933.874512 0.000000 2808.752930 0.000000 0.707133 0.000000 -0.707080 0.409411 0.409411 0.409411
950.586609 0.000000 2762.592041 0.000000 0.142830 0.000000 0.989747 0.374341 0.374341 0.374341
901.159302 0.000000 2793.002441 0.000000 0.876009 0.000000 0.482294 0.386682 0.386682 0.386682
943.360718 0.000000 2763.103027 0.000000 0.915561 0.000000 0.402178 0.382640 0.382640 0.382640
915.124512 0.000000 2796.892578 0.000000 0.994129 0.000000 0.108203 0.395994 0.395994 0.395994
927.392090 0.000000 2759.920166 0.000000 0.608530 0.000000 0.793531 0.365218 0.365218 0.365218
936.366577 0.000000 2774.009521 0.000000 0.635479 0.000000 -0.772118 0.474000 0.474000 0.474000
929.773865 0.000000 2769.362793 0.000000 0.474090 0.000000 0.880477 0.360749 0.360749 0.360749
959.510193 0.000000 2795.037842 0.000000 0.926624 0.000000 0.375988 0.383448 0.383448 0.383448
956.768982 0.000000 2804.790283 0.000000 0.268719 0.000000 0.963219 0.353959 0.353959 0.353959
913.222351 0.000000 2761.617676 0.000000 0.696002 0.000000 -0.718040 0.465590 0.465590 0.465590
939.201782 0.000000 2811.815674 0.000000 0.199503 0.000000 -0.979897 0.501236 0.501236 0.501236
941.495239 0.000000 2758.748779 0.000000 0.968619 0.000000 0.248549 0.378554 0.378554 0.378554
909.459290 0.000000 2790.279297 0.000000 0.763320 0.000000 0.646021 0.362125 0.362125 0.362125
914.080017 0.000000 2787.529785 0.000000 0.690309 0.000000 0.723514 0.341033 0.341033 0.341033
917.074463 0.000000 2793.684326 0.000000 0.911335 0.000000 0.411665 0.376061 0.376061 0.376061
953.033447 0.000000 2788.589600 0.000000 0.036245 0.000000 0.999343 0.317249 0.317249 0.317249
898.382507 0.000000 2796.795166 0.000000 0.654629 0.000000 0.755950 0.339230 0.339230 0.339230
932.644531 0.000000 2802.719971 0.000000 0.801653 0.000000 0.597790 0.360649 0.360649 0.360649
946.038940 0.000000 2759.257568 0.000000 0.794515 0.000000 -0.607244 0.430629 0.430629 0.430629
905.482788 0.000000 2796.727295 0.000000 0.942379 0.000000 -0.334548 0.426741 0.426741 0.426741
909.697571 0.000000 2782.846924 0.000000 0.999991 0.000000 -0.004319 0.400321 0.400321 0.400321
958.997559 0.000000 2805.158936 0.000000 0.478860 0.000000 0.877891 0.343292 0.343292 0.343292
927.700500 0.000000 2793.549805 0.000000 0.423197 0.000000 0.906038 0.326969 0.326969 0.326969
950.223816 0.000000 2760.350342 0.000000 0.957564 0.000000 -0.288221 0.417518 0.417518 0.417518
953.237305 0.000000 2751.398682 0.000000 0.783747 0.000000 -0.621081 0.444836 0.444836 0.444836
912.279053 0.000000 2763.856201 0.000000 0.989852 0.000000 0.142102 0.391172 0.391172 0.391172
924.671692 0.000000 2764.582275 0.000000 0.764840 0.000000 -0.644220 0.443690 0.443690 0.443690
976.088623 0.000000 2777.915771 0.000000 0.906233 0.000000 -0.422779 0.451873 0.451873 0.451873
976.475647 0.000000 2755.082764 0.000000 0.981215 0.000000 -0.192916 0.422294 0.422294 0.422294
965.460571 0.000000 2815.265869 0.000000 0.729724 0.000000 0.683742 0.391354 0.391354 0.391354
1007.735901 0.000000 2760.202393 0.000000 0.991646 0.000000 0.128990 0.398450 0.398450 0.398450
1017.552307 0.000000 2799.022949 0.000000 0.953038 0.000000 -0.302849 0.434259 0.434259 0.434259
967.465698 0.000000 2797.976562 0.000000 0.729418 0.000000 0.684068 0.382697 0.382697 0.382697
959.954224 0.000000 2769.905518 0.000000 0.967717 0.000000 -0.252038 0.424426 0.424426 0.424426
992.827759 0.000000 2789.245850 0.000000 0.525116 0.000000 0.851031 0.305970 0.305970 0.305970
984.267822 0.000000 2794.337402 0.000000 0.701457 0.000000 0.712712 0.326716 0.326716 0.326716
988.590332 0.000000 2777.629150 0.000000 0.906935 0.000000 -0.421271 0.439299 0.439299 0.439299
1000.358765 0.000000 2774.009521 0.000000 0.442752 0.000000 0.896644 0.363906 0.363906 0.363906
967.423523 0.000000 2803.936523 0.000000 0.898688 0.000000 0.438588 0.379370 0.379370 0.379370
964.116211 0.000000 2767.222168 0.000000 0.093261 0.000000 -0.995642 0.469342 0.469342 0.469342
1008.502441 0.000000 2793.344727 0.000000 0.200665 0.000000 -0.979660 0.473811 0.473811 0.473811
1018.746460 0.000000 2771.672363 0.000000 0.987396 0.000000 0.158268 0.386985 0.386985 0.386985
962.849548 0.000000 2802.564941 0.000000 0.929239 0.000000 0.369480 0.373545 0.373545 0.373545
1013.126465 0.000000 2795.181396 0.000000 0.914119 0.000000 0.405446 0.378530 0.378530 0.378530
977.144043 0.000000 2790.297363 0.000000 0.746361 0.000000 -0.665541 0.445087 0.445087 0.445087
993.440857 0.000000 2761.138428 0.000000 0.081498 0.000000 0.996674 0.298874 0.298874 0.298874
962.374695 0.000000 2796.795166 0.000000 0.314556 0.000000 -0.949239 0.471198 0.471198 0.471198
983.271118 0.000000 2789.622559 0.000000 0.627719 0.000000 0.778440 0.344761 0.344761 0.344761
1000.886597 0.000000 2804.640869 0.000000 0.877568 0.000000 -0.479453 0.437451 0.437451 0.437451
968.461548 0.000000 2814.426514 0.000000 0.635110 0.000000 -0.772422 0.462581 0.462581 0.462581
965.356934 0.000000 2764.614258 0.000000 0.848059 0.000000 0.529902 0.361518 0.361518 0.361518
995.427612 0.000000 2778.987793 0.000000 0.675108 0.000000 0.737719 0.345731 0.345731 0.345731
973.741760 0.000000 2764.359863 0.000000 0.611248 0.000000 -0.791439 0.461553 0.461553 0.461553
860.265442 0.000000 2822.977295 0.000000 0.705382 0.000000 0.708828 0.312278 0.312278 0.312278
891.167969 0.000000 2841.905518 0.000000 0.965971 0.000000 -0.258651 0.430960 0.430960 0.430960
869.487915 0.000000 2829.044922 0.000000 0.150459 0.000000 0.988616 0.353212 0.353212 0.353212
869.518799 0.000000 2838.910889 0.000000 0.575624 0.000000 0.817715 0.360322 0.360322 0.360322
871.328857 0.000000 2851.869385 0.000000 0.161209 0.000000 0.986920 0.354275 0.354275 0.354275
860.605957 0.000000 2841.613525 0.000000 0.209085 0.000000 -0.977898 0.514095 0.514095 0.514095
863.399902 0.000000 2823.904541 0.000000 0.985491 0.000000 -0.169725 0.416180 0.416180 0.416180
887.423889 0.000000 2847.718018 0.000000 0.748171 0.000000 -0.663506 0.430791 0.430791 0.430791
878.987610 0.000000 2829.947266 0.000000 0.916425 0.000000 0.400206 0.378619 0.378619 0.378619
868.360229 0.000000 2855.058838 0.000000 0.946510 0.000000 0.322674 0.371455 0.371455 0.371455
875.841064 0.000000 2818.022705 0.000000 0.218696 0.000000 0.975793 0.344713 0.344713 0.344713
867.438538 0.000000 2846.556152 0.000000 0.996759 0.000000 0.080448 0.393405 0.393405 0.393405
885.572327 0.000000 2833.721924 0.000000 0.834199 0.000000 0.551464 0.358293 0.358293 0.358293
870.695374 0.000000 2846.387451 0.000000 0.472493 0.000000 -0.881334 0.487252 0.487252 0.487252
871.466797 0.000000 2843.373291 0.000000 0.615529 0.000000 -0.788114 0.477958 0.477958 0.477958
869.289551 0.000000 2841.851318 0.000000 0.257301 0.000000 0.966331 0.324092 0.324092 0.324092
860.866394 0.000000 2825.416016 0.000000 0.619186 0.000000 0.785244 0.344086 0.344086 0.344086
864.694336 0.000000 2841.987061 0.000000 0.566179 0.000000 -0.824282 0.477408 0.477408 0.477408
888.759094 0.000000 2870.172852 0.000000 0.472407 0.000000 -0.881380 0.487799 0.487799 0.487799
892.512268 0.000000 2827.756592 0.000000 0.636389 0.000000 -0.771368 0.458505 0.458505 0.458505
882.046753 0.000000 2823.241943 0.000000 0.656647 0.000000 0.754198 0.345818 0.345818 0.345818
869.892334 0.000000 2826.449463 0.000000 0.963971 0.000000 0.266008 0.380775 0.380775 0.380775
889.245117 0.000000 2815.383057 0.000000 0.427301 0.000000 -0.904110 0.483452 0.483452 0.483452
875.343506 0.000000 2850.489258 0.000000 0.997238 0.000000 -0.074272 0.404380 0.404380 0.404380
872.561768 0.000000 2822.921631 0.000000 0.972305 0.000000 0.233717 0.383392 0.383392 0.383392
919.372070 0.000000 2820.615479 0.000000 0.949245 0.000000 -0.314538 0.436266 0.436266 0.436266
898.235474 0.000000 2835.890869 0.000000 0.115302 0.000000 -0.993330 0.564941 0.564941 0.564941
950.586609 0.000000 2826.576416 0.000000 0.999981 0.000000 0.006197 0.399310 0.399310 0.399310
908.376465 0.000000 2824.179932 0.000000 0.691517 0.000000 -0.722360 0.420555 0.420555 0.420555
898.352966 0.000000 2852.009521 0.000000 0.670606 0.000000 -0.741814 0.431715 0.431715 0.431715
905.552429 0.000000 2819.292969 0.000000 0.961199 0.000000 0.275857 0.375161 0.375161 0.375161
911.861816 0.000000 2845.442139 0.000000 0.797474 0.000000 0.603353 0.375421 0.375421 0.375421
919.012573 0.000000 2872.387695 0.000000 0.437251 0.000000 0.899340 0.292796 0.292796 0.292796
901.820007 0.000000 2846.049561 0.000000 0.653658 0.000000 -0.756790 0.469862 0.469862 0.469862
898.180481 0.000000 2847.239502 0.000000 0.963500 0.000000 -0.267710 0.415156 0.415156 0.415156
951.869507 0.000000 2833.728516 0.000000 0.230372 0.000000 -0.973103 0.478185 0.478185 0.478185
916.441101 0.000000 2828.979492 0.000000 0.928585 0.000000 -0.371119 0.423731 0.423731 0.423731
920.178406 0.000000 2860.697998 0.000000 0.313469 0.000000 0.949598 0.332488 0.332488 0.332488
959.720337 0.000000 2830.672852 0.000000 0.659386 0.000000 -0.751805 0.448428 0.448428 0.448428
909.908447 0.000000 2822.525146 0.000000 0.999988 0.000000 -0.004903 0.400296 0.400296 0.400296
910.655640 0.000000 2824.381836 0.000000 0.997530 0.000000 0.070235 0.395437 0.395437 0.395437
974.622253 0.000000 2826.477539 0.000000 0.532271 0.000000 0.846574 0.288603 0.288603 0.288603
1004.516418 0.000000 2827.970947 0.000000 0.634718 0.000000 0.772744 0.302987 0.302987 0.302987
981.260376 0.000000 2826.938232 0.000000 0.999978 0.000000 0.006646 0.399363 0.399363 0.399363
1007.352905 0.000000 2827.087402 0.000000 0.628415 0.000000 -0.777879 0.434267 0.434267 0.434267
1004.122131 0.000000 2830.847656 0.000000 0.634029 0.000000 -0.773309 0.430899 0.430899 0.430899
964.415894 0.000000 2819.095703 0.000000 0.061126 0.000000 -0.998130 0.521358 0.521358 0.521358
1007.585205 0.000000 2819.217529 0.000000 0.696495 0.000000 -0.717561 0.463536 0.463536 0.463536
1025.631226 0.000000 2494.467529 0.000000 0.941172 0.000000 0.337928 0.373666 0.373666 0.373666
1070.012695 0.000000 2525.677002 0.000000 0.831991 0.000000 -0.554789 0.468127 0.468127 0.468127
1052.647583 0.000000 2510.701416 0.000000 0.014422 0.000000 0.999896 0.221264 0.221264 0.221264
1063.722168 0.000000 2534.829834 0.000000 0.386345 0.000000 0.922354 0.271024 0.271024 0.271024
1075.050659 0.000000 2549.956055 0.000000 0.855125 0.000000 -0.518422 0.465582 0.465582 0.465582
1058.308228 0.000000 2547.385498 0.000000 0.927813 0.000000 0.373045 0.394274 0.394274 0.394274
1049.160278 0.000000 2513.343018 0.000000 0.991051 0.000000 0.133483 0.384825 0.384825 0.384825
1065.568115 0.000000 2550.950684 0.000000 0.996720 0.000000 -0.080931 0.401861 0.401861 0.401861
1057.883423 0.000000 2524.557617 0.000000 0.103367 0.000000 0.994643 0.358974 0.358974 0.358974
1031.889282 0.000000 2532.483887 0.000000 0.599033 0.000000 -0.800724 0.483450 0.483450 0.483450
1043.108887 0.000000 2540.955078 0.000000 0.860374 0.000000 -0.509663 0.447798 0.447798 0.447798
1025.509277 0.000000 2549.110352 0.000000 0.841432 0.000000 0.540362 0.351828 0.351828 0.351828
1062.846924 0.000000 2513.239502 0.000000 0.108058 0.000000 -0.994145 0.530715 0.530715 0.530715
1085.097900 0.000000 2553.179688 0.000000 0.770987 0.000000 -0.636851 0.430336 0.430336 0.430336
1071.068237 0.000000 2528.507812 0.000000 0.883471 0.000000 0.468486 0.376142 0.376142 0.376142
1052.221558 0.000000 2524.919434 0.000000 0.999504 0.000000 -0.031500 0.401180 0.401180 0.401180
1033.674438 0.000000 2526.804688 0.000000 0.810151 0.000000 -0.586222 0.450355 0.450355 0.450355
1041.206787 0.000000 2505.680176 0.000000 0.986505 0.000000 -0.163730 0.406980 0.406980 0.406980
1059.415161 0.000000 2526.634277 0.000000 0.991584 0.000000 -0.129466 0.405445 0.405445 0.405445
1074.337280 0.000000 2518.940430 0.000000 0.829334 0.000000 0.558753 0.373949 0.373949 0.373949
1043.187622 0.000000 2522.833984 0.000000 0.592140 0.000000 0.805835 0.349935 0.349935 0.349935
1057.432983 0.000000 2505.200928 0.000000 0.925251 0.000000 -0.379354 0.418068 0.418068 0.418068
1087.506836 0.000000 2553.909180 0.000000 0.971631 0.000000 0.236501 0.388913 0.388913 0.388913
1062.803467 0.000000 2539.573975 0.000000 0.182971 0.000000 -0.983118 0.509405 0.509405 0.509405
1078.058350 0.000000 2547.737305 0.000000 0.963452 0.000000 0.267880 0.380772 0.380772 0.380772
1065.520020 0.000000 2536.454834 0.000000 0.724909 0.000000 0.688845 0.364714 0.364714 0.364714
1052.051147 0.000000 2512.969238 0.000000 0.584010 0.000000 -0.811747 0.465735 0.465735 0.465735
1064.878784 0.000000 2548.703369 0.000000 0.730687 0.000000 0.682713 0.350096 0.350096 0.350096
1037.682007 0.000000 2526.909424 0.000000 0.570690 0.000000 0.821166 0.342754 0.342754 0.342754
1042.994629 0.000000 2514.738037 0.000000 0.832037 0.000000 -0.554720 0.431122 0.431122 0.431122
1074.350708 0.000000 2521.572510 0.000000 0.703382 0.000000 -0.710812 0.452506 0.452506 0.452506
1061.382080 0.000000 2530.886230 0.000000 0.659373 0.000000 -0.751816 0.450978 0.450978 0.450978
1081.554199 0.000000 2540.920166 0.000000 0.671219 0.000000 -0.741259 0.446275 0.446275 0.446275
1062.243652 0.000000 2511.083008 0.000000 0.982506 0.000000 0.186229 0.387934 0.387934 0.387934
1128.188843 0.000000 2557.331299 0.000000 0.776830 0.000000 0.629710 0.320752 0.320752 0.320752
1140.540771 0.000000 2541.709961 0.000000 0.930901 0.000000 -0.365273 0.442009 0.442009 0.442009
1127.714478 0.000000 2534.829834 0.000000 0.947304 0.000000 0.320337 0.397395 0.397395 0.397395
1115.435913 0.000000 2527.640869 0.000000 0.340153 0.000000 0.940370 0.381059 0.381059 0.381059
1136.388672 0.000000 2531.230957 0.000000 0.987743 0.000000 -0.156090 0.403522 0.403522 0.403522
1089.501587 0.000000 2549.110352 0.000000 0.485916 0.000000 0.874006 0.360709 0.360709 0.360709
1094.393188 0.000000 2551.270752 0.000000 0.659856 0.000000 0.751392 0.330382 0.330382 0.330382
1095.407959 0.000000 2547.999023 0.000000 0.096569 0.000000 -0.995326 0.466978 0.466978 0.466978
1113.393188 0.000000 2534.871826 0.000000 0.845715 0.000000 -0.533635 0.446656 0.446656 0.446656
1124.328979 0.000000 2535.136963 0.000000 0.929761 0.000000 0.368165 0.382680 0.382680 0.382680
1093.796631 0.000000 2526.127686 0.000000 0.720067 0.000000 -0.693905 0.429102 0.429102 0.429102
1097.666748 0.000000 2526.804688 0.000000 0.925501 0.000000 -0.378746 0.433166 0.433166 0.433166
1106.056641 0.000000 2531.592285 0.000000 0.882034 0.000000 0.471185 0.379177 0.379177 0.379177
1099.438843 0.000000 2550.320312 0.000000 0.962461 0.000000 0.271419 0.382021 0.382021 0.382021
1127.399902 0.000000 2528.692139 0.000000 0.906577 0.000000 -0.422041 0.425888 0.425888 0.425888
1065.416626 0.000000 2575.787109 0.000000 0.957237 0.000000 -0.289303 0.434585 0.434585 0.434585
1030.699585 0.000000 2574.278564 0.000000 0.913229 0.000000 -0.407447 0.447775 0.447775 0.447775
1039.243530 0.000000 2600.034912 0.000000 0.898142 0.000000 -0.439705 0.407047 0.407047 0.407047
1035.933472 0.000000 2605.029053 0.000000 0.801637 0.000000 -0.597811 0.470387 0.470387 0.470387
1039.333862 0.000000 2613.493652 0.000000 0.498381 0.000000 0.866958 0.369619 0.369619 0.369619
1023.946411 0.000000 2577.952393 0.000000 0.944821 0.000000 -0.327586 0.431995 0.431995 0.431995
1025.509277 0.000000 2613.094727 0.000000 0.645536 0.000000 0.763730 0.364417 0.364417 0.364417
1051.605469 0.000000 2580.794189 0.000000 0.657621 0.000000 0.753349 0.329713 0.329713 0.329713
1034.758301 0.000000 2616.447021 0.000000 0.744985 0.000000 -0.667081 0.459436 0.459436 0.459436
1037.443726 0.000000 2598.326172 0.000000 0.675837 0.000000 0.737052 0.365243 0.365243 0.365243
1056.670898 0.000000 2586.049561 0.000000 0.694133 0.000000 -0.719846 0.438920 0.438920 0.438920
1046.997681 0.000000 2576.163574 0.000000 0.998998 0.000000 0.044766 0.397496 0.397496 0.397496
1035.111328 0.000000 2618.925049 0.000000 0.991193 0.000000 0.132427 0.392440 0.392440 0.392440
1050.438110 0.000000 2568.986084 0.000000 0.409044 0.000000 0.912515 0.331706 0.331706 0.331706
1130.852417 0.000000 2567.321533 0.000000 0.841563 0.000000 -0.540159 0.469520 0.469520 0.469520
1147.136719 0.000000 2585.968018 0.000000 0.988226 0.000000 -0.153004 0.418331 0.418331 0.418331
1133.083008 0.000000 2595.764648 0.000000 0.998532 0.000000 0.054167 0.393776 0.393776 0.393776
1139.086670 0.000000 2562.824219 0.000000 0.961378 0.000000 0.275231 0.395684 0.395684 0.395684
1141.501831 0.000000 2598.627686 0.000000 0.254207 0.000000 -0.967150 0.451166 0.451166 0.451166
1147.307983 0.000000 2597.995605 0.000000 0.756891 0.000000 0.653542 0.370482 0.370482 0.370482
1132.494141 0.000000 2614.643066 0.000000 0.921189 0.000000 0.389115 0.382638 0.382638 0.382638
1145.590332 0.000000 2588.548340 0.000000 0.037644 0.000000 0.999291 0.331104 0.331104 0.331104
1104.908813 0.000000 2579.612305 0.000000 0.999943 0.000000 -0.010672 0.400874 0.400874 0.400874
1151.486816 0.000000 2603.084717 0.000000 0.913882 0.000000 0.405981 0.361592 0.361592 0.361592
1151.846680 0.000000 2581.244385 0.000000 0.249172 0.000000 -0.968459 0.446100 0.446100 0.446100
1148.745605 0.000000 2612.837158 0.000000 0.718234 0.000000 -0.695801 0.431507 0.431507 0.431507
1138.640381 0.000000 2598.575195 0.000000 0.862393 0.000000 -0.506240 0.443732 0.443732 0.443732
1102.415161 0.000000 2564.636475 0.000000 0.932979 0.000000 0.359930 0.372240 0.372240 0.372240
1144.727905 0.000000 2614.235352 0.000000 0.675406 0.000000 -0.737446 0.453829 0.453829 0.453829
1131.513794 0.000000 2601.973145 0.000000 0.248393 0.000000 0.968659 0.340033 0.340033 0.340033
1147.256836 0.000000 2575.113525 0.000000 0.496108 0.000000 0.868261 0.333835 0.333835 0.333835
1106.274536 0.000000 2561.536865 0.000000 0.572832 0.000000 0.819672 0.340510 0.340510 0.340510
1116.043335 0.000000 2576.953613 0.000000 0.119277 0.000000 0.992861 0.310148 0.310148 0.310148
1148.521362 0.000000 2582.593994 0.000000 0.687631 0.000000 0.726061 0.336301 0.336301 0.336301
1141.855713 0.000000 2596.379639 0.000000 0.825213 0.000000 0.564822 0.361339 0.361339 0.361339
1121.171875 0.000000 2571.454102 0.000000 0.973229 0.000000 0.229839 0.384136 0.384136 0.384136
1106.986938 0.000000 2578.722412 0.000000 0.997107 0.000000 -0.076013 0.403989 0.403989 0.403989
1147.953125 0.000000 2588.084717 0.000000 0.910271 0.000000 0.414014 0.371866 0.371866 0.371866
1138.496460 0.000000 2605.580078 0.000000 0.633398 0.000000 0.773827 0.343889 0.343889 0.343889
1101.885010 0.000000 2566.587646 0.000000 0.364537 0.000000 0.931189 0.320466 0.320466 0.320466
1134.575439 0.000000 2594.425293 0.000000 0.997816 0.000000 -0.066055 0.404390 0.404390 0.404390
1148.766724 0.000000 2584.791260 0.000000 0.885982 0.000000 0.463721 0.368219 0.368219 0.368219
1082.285767 0.000000 2636.884766 0.000000 0.999176 0.000000 -0.040579 0.400101 0.400101 0.400101
1035.978271 0.000000 2628.965576 0.000000 0.815604 0.000000 -0.578611 0.468703 0.468703 0.468703
1078.571045 0.000000 2634.623291 0.000000 0.148318 0.000000 0.988940 0.377281 0.377281 0.377281
1079.652588 0.000000 2658.650635 0.000000 0.616690 0.000000 0.787206 0.380090 0.380090 0.380090
1086.185303 0.000000 2663.504639 0.000000 0.026372 0.000000 0.999652 0.363756 0.363756 0.363756
1062.749023 0.000000 2632.219727 0.000000 0.570543 0.000000 -0.821267 0.502004 0.502004 0.502004
1024.406738 0.000000 2623.509277 0.000000 0.410033 0.000000 0.912071 0.363878 0.363878 0.363878
1077.509521 0.000000 2662.612061 0.000000 0.636112 0.000000 0.771597 0.370956 0.370956 0.370956
1073.481201 0.000000 2639.656982 0.000000 0.351461 0.000000 -0.936202 0.450215 0.450215 0.450215
1082.496704 0.000000 2658.552979 0.000000 0.652773 0.000000 0.757554 0.357082 0.357082 0.357082
1028.108398 0.000000 2639.253418 0.000000 0.201457 0.000000 -0.979497 0.513383 0.513383 0.513383
1072.494629 0.000000 2665.375977 0.000000 0.490519 0.000000 0.871430 0.313355 0.313355 0.313355
1086.366577 0.000000 2650.415771 0.000000 0.999818 0.000000 -0.019095 0.400877 0.400877 0.400877
1079.864746 0.000000 2683.660400 0.000000 0.221538 0.000000 -0.975152 0.513699 0.513699 0.513699
1069.774780 0.000000 2683.866211 0.000000 0.950824 0.000000 -0.309731 0.415567 0.415567 0.415567
1036.154297 0.000000 2626.401123 0.000000 0.946939 0.000000 0.321414 0.375982 0.375982 0.375982
1078.058350 0.000000 2675.706055 0.000000 0.930490 0.000000 0.366317 0.374532 0.374532 0.374532
1083.264526 0.000000 2639.097900 0.000000 0.842641 0.000000 -0.538476 0.440885 0.440885 0.440885
1025.631226 0.000000 2686.420654 0.000000 0.881738 0.000000 0.471740 0.362716 0.362716 0.362716
1057.179688 0.000000 2635.438477 0.000000 0.932625 0.000000 -0.360847 0.421198 0.421198 0.421198
1032.453735 0.000000 2686.457764 0.000000 0.985714 0.000000 0.168430 0.391296 0.391296 0.391296
1057.364990 0.000000 2677.328125 0.000000 0.860763 0.000000 0.509006 0.370669 0.370669 0.370669
1075.153076 0.000000 2675.704834 0.000000 0.612703 0.000000 0.790313 0.334476 0.334476 0.334476
1051.405396 0.000000 2625.836426 0.000000 0.035469 0.000000 0.999371 0.301875 0.301875 0.301875
1128.188843 0.000000 2685.300049 0.000000 0.271307 0.000000 -0.962493 0.550781 0.550781 0.550781
1149.514648 0.000000 2624.166016 0.000000 0.872092 0.000000 -0.489343 0.458722 0.458722 0.458722
1130.475952 0.000000 2671.194092 0.000000 0.970817 0.000000 -0.239823 0.427450 0.427450 0.427450
1140.318848 0.000000 2648.461914 0.000000 0.441371 0.000000 -0.897325 0.530120 0.530120 0.530120
1141.979858 0.000000 2639.140381 0.000000 0.680769 0.000000 0.732498 0.390150 0.390150 0.390150
1139.737915 0.000000 2665.065918 0.000000 0.906677 0.000000 -0.421825 0.448921 0.448921 0.448921
1137.296021 0.000000 2667.864990 0.000000 0.361843 0.000000 -0.932239 0.424577 0.424577 0.424577
1144.374512 0.000000 2631.552734 0.000000 0.552207 0.000000 0.833707 0.294174 0.294174 0.294174
1136.388672 0.000000 2659.199707 0.000000 0.470134 0.000000 -0.882595 0.511226 0.511226 0.511226
1097.014526 0.000000 2640.557373 0.000000 0.990590 0.000000 0.136865 0.396367 0.396367 0.396367
1093.922729 0.000000 2644.799805 0.000000 0.951438 0.000000 -0.307839 0.429999 0.429999 0.429999
1113.535278 0.000000 2676.050537 0.000000 0.705066 0.000000 0.709141 0.327972 0.327972 0.327972
1096.474854 0.000000 2646.667725 0.000000 0.332638 0.000000 -0.943055 0.515005 0.515005 0.515005
1092.551758 0.000000 2667.880371 0.000000 0.706714 0.000000 0.707500 0.362326 0.362326 0.362326
1099.084473 0.000000 2645.616699 0.000000 0.950683 0.000000 -0.310164 0.427399 0.427399 0.427399
1121.750488 0.000000 2641.394043 0.000000 0.464209 0.000000 0.885726 0.351648 0.351648 0.351648
1128.176025 0.000000 2669.472412 0.000000 0.383623 0.000000 -0.923490 0.504028 0.504028 0.504028
1113.462769 0.000000 2630.673340 0.000000 0.094518 0.000000 -0.995523 0.534143 0.534143 0.534143
1094.393188 0.000000 2679.239502 0.000000 0.996956 0.000000 0.077971 0.393453 0.393453 0.393453
1093.796631 0.000000 2654.096436 0.000000 0.799731 0.000000 -0.600359 0.452409 0.452409 0.452409
1140.067871 0.000000 2651.056641 0.000000 0.747922 0.000000 -0.663787 0.428270 0.428270 0.428270
1121.417480 0.000000 2672.939697 0.000000 0.626608 0.000000 0.779335 0.361628 0.361628 0.361628
1143.691772 0.000000 2637.051270 0.000000 0.047138 0.000000 -0.998888 0.486728 0.486728 0.486728
1118.984375 0.000000 2644.821533 0.000000 0.210166 0.000000 -0.977666 0.463787 0.463787 0.463787
1138.640381 0.000000 2662.559570 0.000000 0.227133 0.000000 0.973864 0.304204 0.304204 0.304204
1141.589355 0.000000 2626.402344 0.000000 0.007028 0.000000 -0.999975 0.524929 0.524929 0.524929
1137.692383 0.000000 2680.298828 0.000000 0.200725 0.000000 0.979648 0.287922 0.287922 0.287922
1088.076050 0.000000 2664.633057 0.000000 0.980897 0.000000 -0.194529 0.408407 0.408407 0.408407
1141.110840 0.000000 2667.212646 0.000000 0.912526 0.000000 0.409018 0.380854 0.380854 0.380854
1110.989990 0.000000 2640.147949 0.000000 0.796503 0.000000 -0.604635 0.436311 0.436311 0.436311
1090.359131 0.000000 2668.826416 0.000000 0.666949 0.000000 -0.745104 0.439458 0.439458 0.439458
1144.771118 0.000000 2634.999756 0.000000 0.965843 0.000000 -0.259129 0.415575 0.415575 0.415575
1138.343018 0.000000 2649.541260 0.000000 0.810509 0.000000 -0.585726 0.436557 0.436557 0.436557
1143.593384 0.000000 2653.486572 0.000000 0.450241 0.000000 -0.892907 0.462276 0.462276 0.462276
1127.409546 0.000000 2679.214355 0.000000 0.045805 0.000000 0.998950 0.309389 0.309389 0.309389
1131.312378 0.000000 2658.536133 0.000000 0.683648 0.000000 0.729811 0.351393 0.351393 0.351393
1094.168213 0.000000 2671.738770 0.000000 0.772711 0.000000 0.634759 0.360855 0.360855 0.360855
1095.648193 0.000000 2655.478027 0.000000 0.893809 0.000000 -0.448449 0.431346 0.431346 0.431346
1157.421021 0.000000 2617.930908 0.000000 0.985468 0.000000 -0.169861 0.420284 0.420284 0.420284
1152.573364 0.000000 2593.540771 0.000000 0.830262 0.000000 0.557374 0.327971 0.327971 0.327971
1160.116333 0.000000 2602.867432 0.000000 0.998190 0.000000 0.060148 0.399489 0.399489 0.399489
1157.112183 0.000000 2597.407227 0.000000 0.165789 0.000000 -0.986161 0.413322 0.413322 0.413322
1161.120361 0.000000 2614.201660 0.000000 0.782339 0.000000 0.622853 0.325133 0.325133 0.325133
1193.273315 0.000000 2593.808105 0.000000 0.194093 0.000000 0.980983 0.370468 0.370468 0.370468
1204.368408 0.000000 2609.920654 0.000000 0.896595 0.000000 -0.442851 0.408247 0.408247 0.408247
1208.147583 0.000000 2603.133057 0.000000 0.733254 0.000000 0.679955 0.385067 0.385067 0.385067
1157.128052 0.000000 2601.049316 0.000000 0.630912 0.000000 0.775855 0.379159 0.379159 0.379159
1152.391235 0.000000 2559.524902 0.000000 0.999927 0.000000 0.012095 0.398744 0.398744 0.398744
1151.930908 0.000000 2577.952393 0.000000 0.921214 0.000000 0.389057 0.360294 0.360294 0.360294
1163.738525 0.000000 2571.659424 0.000000 0.154353 0.000000 0.988016 0.344859 0.344859 0.344859
1183.378540 0.000000 2612.339600 0.000000 0.820249 0.000000 -0.572006 0.421588 0.421588 0.421588
1159.873657 0.000000 2596.468262 0.000000 0.597889 0.000000 0.801579 0.360068 0.360068 0.360068
1156.543945 0.000000 2603.895996 0.000000 0.050521 0.000000 -0.998723 0.530561 0.530561 0.530561
1153.493774 0.000000 2613.094727 0.000000 0.991996 0.000000 -0.126265 0.411505 0.411505 0.411505
1165.558960 0.000000 2622.239014 0.000000 0.359312 0.000000 0.933217 0.295460 0.295460 0.295460
1171.984009 0.000000 2615.840820 0.000000 0.409552 0.000000 0.912287 0.310515 0.310515 0.310515
1153.809326 0.000000 2618.535645 0.000000 0.266918 0.000000 0.963719 0.296745 0.296745 0.296745
1161.658936 0.000000 2590.789062 0.000000 0.826050 0.000000 0.563597 0.348580 0.348580 0.348580
1202.632568 0.000000 2598.575195 0.000000 0.005659 0.000000 -0.999984 0.466426 0.466426 0.466426
1161.451538 0.000000 2604.774170 0.000000 0.587418 0.000000 -0.809284 0.446611 0.446611 0.446611
1163.095703 0.000000 2618.925049 0.000000 0.075778 0.000000 -0.997125 0.481362 0.481362 0.481362
1208.562622 0.000000 2609.223145 0.000000 0.201710 0.000000 -0.979445 0.485363 0.485363 0.485363
1160.438110 0.000000 2622.473389 0.000000 0.839514 0.000000 0.543338 0.357266 0.357266 0.357266
1162.831543 0.000000 2603.049805 0.000000 0.717866 0.000000 -0.696182 0.455753 0.455753 0.455753
1175.947388 0.000000 2613.669678 0.000000 0.972881 0.000000 0.231306 0.382401 0.382401 0.382401
1168.247925 0.000000 2571.903076 0.000000 0.971203 0.000000 -0.238253 0.416456 0.416456 0.416456
1203.556274 0.000000 2660.193848 0.000000 0.766800 0.000000 -0.641886 0.481083 0.481083 0.481083
1152.231934 0.000000 2626.652588 0.000000 0.797025 0.000000 -0.603946 0.479972 0.479972 0.479972
1180.363647 0.000000 2686.332764 0.000000 0.056878 0.000000 -0.998381 0.569321 0.569321 0.569321
1211.043701 0.000000 2678.920654 0.000000 0.700185 0.000000 -0.713962 0.488536 0.488536 0.488536
1169.389160 0.000000 2623.365234 0.000000 0.845660 0.000000 -0.533722 0.411807 0.411807 0.411807
1172.648071 0.000000 2674.527344 0.000000 0.267718 0.000000 -0.963497 0.440237 0.440237 0.440237
1180.153320 0.000000 2660.690674 0.000000 0.478567 0.000000 -0.878051 0.440671 0.440671 0.440671
1174.981445 0.000000 2680.434570 0.000000 0.011178 0.000000 0.999938 0.253598 0.253598 0.253598
1158.385376 0.000000 2679.239502 0.000000 0.308533 0.000000 0.951213 0.283875 0.283875 0.283875
1157.788818 0.000000 2654.096436 0.000000 0.102575 0.000000 -0.994725 0.511417 0.511417 0.511417
1205.103027 0.000000 2667.212646 0.000000 0.330471 0.000000 -0.943816 0.485644 0.485644 0.485644
1181.375000 0.000000 2665.281982 0.000000 0.913531 0.000000 -0.406768 0.422172 0.422172 0.422172
1183.344360 0.000000 2669.852783 0.000000 0.349660 0.000000 0.936877 0.320014 0.320014 0.320014
1183.669312 0.000000 2665.581055 0.000000 0.518980 0.000000 -0.854786 0.475244 0.475244 0.475244
1202.518433 0.000000 2658.182129 0.000000 0.059978 0.000000 -0.998200 0.505609 0.505609 0.505609
1174.835938 0.000000 2683.461914 0.000000 0.951912 0.000000 -0.306371 0.419901 0.419901 0.419901
1154.424683 0.000000 2626.278320 0.000000 0.989534 0.000000 -0.144300 0.409833 0.409833 0.409833
1169.094238 0.000000 2638.405762 0.000000 0.791790 0.000000 0.610793 0.360303 0.360303 0.360303
1177.949585 0.000000 2667.547363 0.000000 0.843946 0.000000 -0.536427 0.435904 0.435904 0.435904
1029.436523 0.000000 2745.899658 0.000000 0.218982 0.000000 -0.975729 0.548298 0.548298 0.548298
1059.370850 0.000000 2687.906250 0.000000 0.641912 0.000000 -0.766778 0.502094 0.502094 0.502094
1071.425049 0.000000 2688.771973 0.000000 0.298174 0.000000 0.954512 0.249947 0.249947 0.249947
1076.326538 0.000000 2712.446289 0.000000 0.879481 0.000000 0.475934 0.341302 0.341302 0.341302
1073.150269 0.000000 2738.900391 0.000000 0.544660 0.000000 -0.838657 0.429306 0.429306 0.429306
1026.839478 0.000000 2713.761719 0.000000 0.398613 0.000000 -0.917119 0.428400 0.428400 0.428400
1023.924805 0.000000 2715.327393 0.000000 0.604606 0.000000 -0.796525 0.435430 0.435430 0.435430
1055.394043 0.000000 2740.308350 0.000000 0.798557 0.000000 0.601920 0.377102 0.377102 0.377102
1035.271606 0.000000 2706.139160 0.000000 0.994404 0.000000 0.105646 0.390752 0.390752 0.390752
1025.824951 0.000000 2746.504395 0.000000 0.467476 0.000000 0.884006 0.305249 0.305249 0.305249
1034.758301 0.000000 2744.415771 0.000000 0.858312 0.000000 0.513128 0.352918 0.352918 0.352918
1052.051880 0.000000 2731.344971 0.000000 0.823789 0.000000 0.566897 0.358168 0.358168 0.358168
1045.919678 0.000000 2721.076660 0.000000 0.740792 0.000000 0.671735 0.351455 0.351455 0.351455
1052.842896 0.000000 2697.447266 0.000000 0.940491 0.000000 0.339820 0.384073 0.384073 0.384073
1036.154297 0.000000 2690.385498 0.000000 0.235573 0.000000 0.971857 0.294839 0.294839 0.294839
1081.087524 0.000000 2712.608643 0.000000 0.873453 0.000000 0.486909 0.373338 0.373338 0.373338
1060.628906 0.000000 2738.735596 0.000000 0.462087 0.000000 -0.886835 0.452814 0.452814 0.452814
1084.402222 0.000000 2705.985352 0.000000 0.049142 0.000000 -0.998792 0.513205 0.513205 0.513205
1080.578125 0.000000 2737.191895 0.000000 0.759207 0.000000 0.650849 0.344090 0.344090 0.344090
1042.994629 0.000000 2706.691162 0.000000 0.576951 0.000000 0.816779 0.349412 0.349412 0.349412
1074.350708 0.000000 2713.525635 0.000000 0.618586 0.000000 -0.785717 0.460475 0.460475 0.460475
1075.153076 0.000000 2739.689209 0.000000 0.920285 0.000000 0.391249 0.375312 0.375312 0.375312
1033.623413 0.000000 2702.432861 0.000000 0.698021 0.000000 -0.716078 0.454599 0.454599 0.454599
1087.161011 0.000000 2689.894043 0.000000 0.999823 0.000000 0.018800 0.398902 0.398902 0.398902
1037.734009 0.000000 2700.375488 0.000000 0.585694 0.000000 0.810532 0.341487 0.341487 0.341487
1110.840698 0.000000 2718.775635 0.000000 0.366679 0.000000 -0.930348 0.540261 0.540261 0.540261
1096.428467 0.000000 2737.211914 0.000000 0.816469 0.000000 0.577390 0.325009 0.325009 0.325009
1116.535645 0.000000 2739.753418 0.000000 0.634437 0.000000 -0.772975 0.415881 0.415881 0.415881
1139.086670 0.000000 2690.792969 0.000000 0.053806 0.000000 -0.998551 0.431812 0.431812 0.431812
1117.962891 0.000000 2726.916260 0.000000 0.106905 0.000000 -0.994269 0.430695 0.430695 0.430695
1132.183105 0.000000 2687.496582 0.000000 0.160777 0.000000 0.986991 0.254337 0.254337 0.254337
1126.041260 0.000000 2689.857666 0.000000 0.990150 0.000000 -0.140008 0.403507 0.403507 0.403507
1087.917114 0.000000 2715.327393 0.000000 0.295258 0.000000 -0.955418 0.521854 0.521854 0.521854
1111.181763 0.000000 2715.878662 0.000000 0.788611 0.000000 0.614892 0.374539 0.374539 0.374539
1099.084473 0.000000 2709.601074 0.000000 0.464561 0.000000 0.885541 0.306048 0.306048 0.306048
1128.176025 0.000000 2733.456787 0.000000 0.094205 0.000000 0.995553 0.338812 0.338812 0.338812
1146.283203 0.000000 2729.229736 0.000000 0.904887 0.000000 -0.425652 0.420417 0.420417 0.420417
1097.666748 0.000000 2718.757812 0.000000 0.247249 0.000000 -0.968952 0.460680 0.460680 0.460680
1116.177124 0.000000 2722.059814 0.000000 0.682944 0.000000 0.730470 0.334979 0.334979 0.334979
1131.809814 0.000000 2690.053955 0.000000 0.412691 0.000000 -0.910871 0.490933 0.490933 0.490933
1141.541138 0.000000 2705.753174 0.000000 0.465265 0.000000 0.885172 0.320226 0.320226 0.320226
1116.044067 0.000000 2731.344971 0.000000 0.963838 0.000000 -0.266488 0.421685 0.421685 0.421685
1145.079712 0.000000 2712.608643 0.000000 0.851539 0.000000 0.524291 0.353706 0.353706 0.353706
1129.512207 0.000000 2728.407959 0.000000 0.123825 0.000000 -0.992304 0.512683 0.512683 0.512683
1148.238403 0.000000 2695.933838 0.000000 0.833565 0.000000 0.552421 0.354705 0.354705 0.354705
1097.459351 0.000000 2732.742920 0.000000 0.998391 0.000000 -0.056708 0.403286 0.403286 0.403286
1128.871094 0.000000 2740.656494 0.000000 0.778917 0.000000 0.627127 0.350585 0.350585 0.350585
1087.939087 0.000000 2696.592773 0.000000 0.989387 0.000000 0.145303 0.388933 0.388933 0.388933
1147.953125 0.000000 2716.053467 0.000000 0.950980 0.000000 -0.309252 0.418995 0.418995 0.418995
1139.086426 0.000000 2693.089600 0.000000 0.880230 0.000000 0.474546 0.364449 0.364449 0.364449
1039.657349 0.000000 2788.226562 0.000000 0.975472 0.000000 -0.220123 0.404100 0.404100 0.404100
1046.862915 0.000000 2771.365723 0.000000 0.968042 0.000000 -0.250790 0.409366 0.409366 0.409366
1043.108887 0.000000 2796.892578 0.000000 0.812581 0.000000 -0.582848 0.425476 0.425476 0.425476
1073.481201 0.000000 2767.625732 0.000000 0.930826 0.000000 0.365462 0.386924 0.386924 0.386924
1037.054077 0.000000 2778.394043 0.000000 0.620237 0.000000 0.784414 0.322556 0.322556 0.322556
1077.597046 0.000000 2754.371094 0.000000 0.971036 0.000000 0.238935 0.389037 0.389037 0.389037
1052.842896 0.000000 2761.431641 0.000000 0.869425 0.000000 0.494064 0.359232 0.359232 0.359232
1041.723999 0.000000 2783.364258 0.000000 0.774086 0.000000 -0.633080 0.443471 0.443471 0.443471
1074.023315 0.000000 2759.257568 0.000000 0.999308 0.000000 0.037184 0.398106 0.398106 0.398106
1049.594849 0.000000 2771.567139 0.000000 0.103655 0.000000 -0.994613 0.491558 0.491558 0.491558
1029.878174 0.000000 2753.561035 0.000000 0.864217 0.000000 -0.503119 0.434747 0.434747 0.434747
1137.566650 0.000000 2779.711670 0.000000 0.699728 0.000000 -0.714409 0.413510 0.413510 0.413510
1087.988037 0.000000 2763.815674 0.000000 0.863029 0.000000 -0.505154 0.411899 0.411899 0.411899
1140.080322 0.000000 2773.057373 0.000000 0.605241 0.000000 0.796042 0.378393 0.378393 0.378393
1092.100586 0.000000 2767.222168 0.000000 0.821661 0.000000 0.569976 0.347915 0.347915 0.347915
1138.329590 0.000000 2774.877930 0.000000 0.760071 0.000000 -0.649840 0.450154 0.450154 0.450154
1114.430420 0.000000 2760.939209 0.000000 0.012278 0.000000 0.999925 0.310509 0.310509 0.310509
1093.341431 0.000000 2764.614258 0.000000 0.910161 0.000000 0.414255 0.374195 0.374195 0.374195
1211.128906 0.000000 2713.936768 0.000000 0.490580 0.000000 0.871396 0.397887 0.397887 0.397887
1212.317017 0.000000 2731.153320 0.000000 0.954017 0.000000 -0.299752 0.435721 0.435721 0.435721
1203.035156 0.000000 2741.909180 0.000000 0.889191 0.000000 0.457537 0.343052 0.343052 0.343052
1201.134644 0.000000 2738.900391 0.000000 0.870973 0.000000 -0.491330 0.453086 0.453086 0.453086
1212.750977 0.000000 2735.667480 0.000000 0.307360 0.000000 -0.951593 0.440213 0.440213 0.440213
1156.392456 0.000000 2691.126953 0.000000 0.279425 0.000000 0.960167 0.313207 0.313207 0.313207
1214.740479 0.000000 2705.936279 0.000000 0.153222 0.000000 0.988192 0.283969 0.283969 0.283969
1211.945312 0.000000 2716.053467 0.000000 0.083660 0.000000 -0.996494 0.506919 0.506919 0.506919
1213.736572 0.000000 2732.816406 0.000000 0.549329 0.000000 -0.835606 0.468657 0.468657 0.468657
1192.522827 0.000000 2694.952881 0.000000 0.997562 0.000000 0.069785 0.396094 0.396094 0.396094
1184.224976 0.000000 2691.196533 0.000000 0.825869 0.000000 -0.563861 0.435894 0.435894 0.435894
1224.108521 0.000000 2730.836182 0.000000 0.244201 0.000000 0.969725 0.245955 0.245955 0.245955
1264.094238 0.000000 2735.542725 0.000000 0.979635 0.000000 0.200786 0.396972 0.396972 0.396972
1229.769775 0.000000 2704.928467 0.000000 0.390500 0.000000 -0.920603 0.506289 0.506289 0.506289
1215.901489 0.000000 2715.327393 0.000000 0.653898 0.000000 -0.756583 0.477977 0.477977 0.477977
1260.478516 0.000000 2742.611816 0.000000 0.866821 0.000000 -0.498620 0.445091 0.445091 0.445091
1220.084961 0.000000 2703.237793 0.000000 0.872070 0.000000 -0.489381 0.446216 0.446216 0.446216
1242.802368 0.000000 2711.590576 0.000000 0.987887 0.000000 -0.155176 0.413770 0.413770 0.413770
1264.471191 0.000000 2729.360352 0.000000 0.781031 0.000000 0.624492 0.350157 0.350157 0.350157
1272.712280 0.000000 2742.204102 0.000000 0.899851 0.000000 -0.436198 0.423439 0.423439 0.423439
1263.545532 0.000000 2740.574951 0.000000 0.303147 0.000000 -0.952944 0.495210 0.495210 0.495210
1214.350952 0.000000 2778.384521 0.000000 0.346669 0.000000 0.937988 0.345321 0.345321 0.345321
1215.759521 0.000000 2787.686279 0.000000 0.786000 0.000000 -0.618226 0.444926 0.444926 0.444926
1264.129761 0.000000 2773.271484 0.000000 0.681035 0.000000 0.732251 0.310157 0.310157 0.310157
1249.640869 0.000000 2772.239990 0.000000 0.378933 0.000000 -0.925424 0.548155 0.548155 0.548155
1216.565552 0.000000 2785.493896 0.000000 0.398288 0.000000 0.917260 0.267232 0.267232 0.267232
1244.355835 0.000000 2814.301514 0.000000 0.172722 0.000000 -0.984971 0.566038 0.566038 0.566038
1241.258789 0.000000 2788.058838 0.000000 0.985098 0.000000 0.171993 0.380063 0.380063 0.380063
1235.727417 0.000000 2772.806885 0.000000 0.994959 0.000000 0.100279 0.398846 0.398846 0.398846
1250.946533 0.000000 2776.937256 0.000000 0.045873 0.000000 -0.998947 0.425126 0.425126 0.425126
1241.047729 0.000000 2811.412842 0.000000 0.665361 0.000000 0.746522 0.305735 0.305735 0.305735
1241.309814 0.000000 2752.990723 0.000000 0.012289 0.000000 -0.999924 0.428793 0.428793 0.428793
1242.877686 0.000000 2755.875244 0.000000 0.219058 0.000000 0.975712 0.358209 0.358209 0.358209
1264.908447 0.000000 2757.080078 0.000000 0.404672 0.000000 -0.914462 0.516987 0.516987 0.516987
1274.831787 0.000000 2761.881348 0.000000 0.314169 0.000000 0.949367 0.362515 0.362515 0.362515
1248.443359 0.000000 2775.208740 0.000000 0.988815 0.000000 -0.149150 0.414277 0.414277 0.414277
1247.370728 0.000000 2804.292725 0.000000 0.692660 0.000000 -0.721264 0.476027 0.476027 0.476027
1224.992676 0.000000 2764.420166 0.000000 0.038684 0.000000 -0.999251 0.537699 0.537699 0.537699
1245.995972 0.000000 2755.982178 0.000000 0.631063 0.000000 0.775731 0.370297 0.370297 0.370297
1254.823608 0.000000 2769.177002 0.000000 0.780173 0.000000 -0.625564 0.455343 0.455343 0.455343
1226.368896 0.000000 2779.164795 0.000000 0.460068 0.000000 0.887883 0.300154 0.300154 0.300154
1244.198242 0.000000 2780.856934 0.000000 0.971884 0.000000 -0.235460 0.410325 0.410325 0.410325
1252.003296 0.000000 2770.685791 0.000000 0.455016 0.000000 -0.890483 0.485557 0.485557 0.485557
1268.052246 0.000000 2779.025391 0.000000 0.393188 0.000000 -0.919458 0.450099 0.450099 0.450099
1244.161499 0.000000 2786.044189 0.000000 0.785553 0.000000 -0.618794 0.455635 0.455635 0.455635
1251.391724 0.000000 2782.571777 0.000000 0.999829 0.000000 -0.018503 0.401016 0.401016 0.401016
1269.525513 0.000000 2769.737549 0.000000 0.922423 0.000000 -0.386182 0.429696 0.429696 0.429696
1226.246826 0.000000 2786.791992 0.000000 0.227702 0.000000 0.973731 0.306924 0.306924 0.306924
1232.067505 0.000000 2810.956787 0.000000 0.962216 0.000000 0.272286 0.383752 0.383752 0.383752
1251.064087 0.000000 2774.343994 0.000000 0.997248 0.000000 0.074143 0.394479 0.394479 0.394479
1237.896240 0.000000 2785.061035 0.000000 0.616551 0.000000 -0.787315 0.474678 0.474678 0.474678
1259.448486 0.000000 2781.976074 0.000000 0.682489 0.000000 0.730896 0.339431 0.339431 0.339431
1264.370850 0.000000 2781.904297 0.000000 0.945519 0.000000 -0.325566 0.419538 0.419538 0.419538
1233.797241 0.000000 2806.277344 0.000000 0.478761 0.000000 -0.877945 0.470625 0.470625 0.470625
1229.658569 0.000000 2782.846924 0.000000 0.465039 0.000000 0.885290 0.326721 0.326721 0.326721
1246.705322 0.000000 2776.885498 0.000000 0.943274 0.000000 0.332017 0.379891 0.379891 0.379891
1266.327393 0.000000 2777.510010 0.000000 0.785817 0.000000 -0.618460 0.447276 0.447276 0.447276
1241.571411 0.000000 2771.567139 0.000000 0.712316 0.000000 -0.701859 0.440789 0.440789 0.440789
1258.051636 0.000000 2783.715576 0.000000 0.938634 0.000000 0.344915 0.380307 0.380307 0.380307
1255.384277 0.000000 2784.629639 0.000000 0.289305 0.000000 -0.957237 0.489925 0.489925 0.489925
1266.039795 0.000000 2772.157715 0.000000 0.461443 0.000000 -0.887170 0.461566 0.461566 0.461566
1246.634399 0.000000 2809.381592 0.000000 0.147638 0.000000 0.989042 0.306947 0.306947 0.306947
1238.743774 0.000000 2803.786133 0.000000 0.108033 0.000000 -0.994147 0.489092 0.489092 0.489092
1237.663574 0.000000 2800.642578 0.000000 0.999928 0.000000 -0.012040 0.400818 0.400818 0.400818
1235.886719 0.000000 2804.476807 0.000000 0.651175 0.000000 -0.758928 0.457652 0.457652 0.457652
1215.888062 0.000000 2787.974854 0.000000 0.711342 0.000000 -0.702846 0.452536 0.452536 0.452536
1250.770630 0.000000 2784.499023 0.000000 0.979428 0.000000 0.201794 0.386709 0.386709 0.386709
1241.941772 0.000000 2795.516113 0.000000 0.655173 0.000000 0.755479 0.347833 0.347833 0.347833
1086.185303 0.000000 2855.457764 0.000000 0.153022 0.000000 0.988223 0.369573 0.369573 0.369573
1068.239624 0.000000 2848.384766 0.000000 0.787963 0.000000 -0.615722 0.421528 0.421528 0.421528
1048.704712 0.000000 2848.983643 0.000000 0.632050 0.000000 -0.774927 0.483225 0.483225 0.483225
1037.917847 0.000000 2839.875488 0.000000 0.206543 0.000000 -0.978438 0.529283 0.529283 0.529283
1034.392334 0.000000 2843.149170 0.000000 0.214707 0.000000 -0.976679 0.523081 0.523081 0.523081
1072.494629 0.000000 2857.329102 0.000000 0.185729 0.000000 0.982601 0.346790 0.346790 0.346790
1026.164917 0.000000 2847.239502 0.000000 0.329944 0.000000 -0.944000 0.478286 0.478286 0.478286
1045.064453 0.000000 2844.713623 0.000000 0.204565 0.000000 -0.978853 0.496084 0.496084 0.496084
1023.946838 0.000000 2824.561523 0.000000 0.329892 0.000000 0.944019 0.336506 0.336506 0.336506
1084.673462 0.000000 2856.989014 0.000000 0.289968 0.000000 -0.957036 0.473303 0.473303 0.473303
1024.660645 0.000000 2837.331299 0.000000 0.979628 0.000000 -0.200823 0.412216 0.412216 0.412216
1071.183105 0.000000 2852.924561 0.000000 0.580113 0.000000 0.814536 0.342488 0.342488 0.342488
1098.839355 0.000000 2858.987305 0.000000 0.992383 0.000000 0.123195 0.391120 0.391120 0.391120
1237.426025 0.000000 2815.666504 0.000000 0.927430 0.000000 0.373998 0.355788 0.355788 0.355788
1235.490479 0.000000 2824.336182 0.000000 0.117226 0.000000 0.993105 0.224394 0.224394 0.224394
1222.640015 0.000000 2820.000000 0.000000 0.698597 0.000000 0.715515 0.310421 0.310421 0.310421
1250.832153 0.000000 2819.018311 0.000000 0.749092 0.000000 0.662466 0.376499 0.376499 0.376499
1225.072388 0.000000 2822.212402 0.000000 0.389308 0.000000 0.921108 0.359659 0.359659 0.359659
1237.229126 0.000000 2826.938232 0.000000 0.598678 0.000000 0.800990 0.368459 0.368459 0.368459
1234.592163 0.000000 2821.355469 0.000000 0.743680 0.000000 -0.668536 0.470929 0.470929 0.470929
1235.049805 0.000000 2831.065674 0.000000 0.077044 0.000000 0.997028 0.324674 0.324674 0.324674
1238.912109 0.000000 2818.027588 0.000000 0.489353 0.000000 -0.872086 0.460305 0.460305 0.460305
1230.399536 0.000000 2820.573975 0.000000 0.991105 0.000000 0.133080 0.389870 0.389870 0.389870
1244.819580 0.000000 2825.416016 0.000000 0.939213 0.000000 0.343334 0.376551 0.376551 0.376551
1251.257568 0.000000 2821.011719 0.000000 0.647215 0.000000 0.762308 0.346328 0.346328 0.346328
3564.957520 0.000000 2413.815918 0.000000 0.816611 0.000000 0.577189 0.383718 0.383718 0.383718
3555.548584 0.000000 2426.618896 0.000000 0.987776 0.000000 -0.155880 0.407737 0.407737 0.407737
3558.499023 0.000000 2411.605225 0.000000 0.836580 0.000000 -0.547845 0.428370 0.428370 0.428370
3563.217041 0.000000 2410.020020 0.000000 0.688685 0.000000 -0.725060 0.446170 0.446170 0.446170
3384.234131 0.000000 2483.760498 0.000000 0.819147 0.000000 0.573583 0.328626 0.328626 0.328626
3386.778320 0.000000 2486.967529 0.000000 0.965328 0.000000 0.261041 0.394725 0.394725 0.394725
3380.304932 0.000000 2491.487793 0.000000 0.151323 0.000000 0.988484 0.297273 0.297273 0.297273
3425.253662 0.000000 2472.274902 0.000000 0.191325 0.000000 -0.981527 0.411011 0.411011 0.411011
3439.217773 0.000000 2486.942627 0.000000 0.985879 0.000000 0.167460 0.396724 0.396724 0.396724
3436.881104 0.000000 2480.844727 0.000000 0.110824 0.000000 0.993840 0.357726 0.357726 0.357726
3450.140625 0.000000 2489.834473 0.000000 0.180107 0.000000 0.983647 0.271630 0.271630 0.271630
3417.254150 0.000000 2484.097412 0.000000 0.867584 0.000000 0.497290 0.353742 0.353742 0.353742
3425.633789 0.000000 2466.424805 0.000000 0.397810 0.000000 -0.917468 0.502086 0.502086 0.502086
3452.809082 0.000000 2489.195312 0.000000 0.372384 0.000000 -0.928079 0.504507 0.504507 0.504507
3452.464600 0.000000 2484.868408 0.000000 0.893902 0.000000 -0.448262 0.419495 0.419495 0.419495
3446.176758 0.000000 2473.166260 0.000000 0.192526 0.000000 0.981292 0.325054 0.325054 0.325054
3454.077637 0.000000 2458.462646 0.000000 0.813107 0.000000 0.582115 0.370528 0.370528 0.370528
3437.656494 0.000000 2472.293213 0.000000 0.661421 0.000000 0.750015 0.347068 0.347068 0.347068
3409.210205 0.000000 2478.715576 0.000000 0.935729 0.000000 0.352720 0.374981 0.374981 0.374981
3415.674072 0.000000 2485.700928 0.000000 0.641015 0.000000 0.767528 0.350632 0.350632 0.350632
3365.020996 0.000000 2501.134766 0.000000 0.430788 0.000000 0.902453 0.389323 0.389323 0.389323
3370.801270 0.000000 2517.170410 0.000000 0.818323 0.000000 0.574758 0.391745 0.391745 0.391745
3377.200195 0.000000 2511.688232 0.000000 0.999325 0.000000 -0.036745 0.403156 0.403156 0.403156
3368.771484 0.000000 2515.332764 0.000000 0.886626 0.000000 0.462486 0.358709 0.358709 0.358709
3379.794434 0.000000 2523.087891 0.000000 0.123206 0.000000 -0.992381 0.479490 0.479490 0.479490
3381.315918 0.000000 2498.433594 0.000000 0.735172 0.000000 -0.677881 0.459880 0.459880 0.459880
3367.162354 0.000000 2523.451416 0.000000 0.566689 0.000000 -0.823932 0.458019 0.458019 0.458019
3384.806396 0.000000 2520.655518 0.000000 0.573613 0.000000 0.819127 0.329546 0.329546 0.329546
3384.940674 0.000000 2495.461182 0.000000 0.641713 0.000000 -0.766945 0.462846 0.462846 0.462846
3378.812988 0.000000 2501.136475 0.000000 0.868164 0.000000 -0.496278 0.436561 0.436561 0.436561
3388.614502 0.000000 2509.920410 0.000000 0.332323 0.000000 -0.943166 0.478741 0.478741 0.478741
3450.009033 0.000000 2499.687744 0.000000 0.773266 0.000000 -0.634082 0.435322 0.435322 0.435322
3486.294189 0.000000 2467.215088 0.000000 0.862127 0.000000 -0.506693 0.458633 0.458633 0.458633
3458.542725 0.000000 2457.824219 0.000000 0.985306 0.000000 -0.170799 0.404542 0.404542 0.404542
3489.625977 0.000000 2466.424805 0.000000 0.927967 0.000000 -0.372662 0.413729 0.413729 0.413729
3484.285889 0.000000 2457.707275 0.000000 0.971933 0.000000 -0.235258 0.408538 0.408538 0.408538
3466.095703 0.000000 2459.242920 0.000000 0.975605 0.000000 -0.219532 0.409062 0.409062 0.409062
3476.111084 0.000000 2471.675049 0.000000 0.408953 0.000000 -0.912556 0.467726 0.467726 0.467726
3559.498291 0.000000 2456.989990 0.000000 0.844744 0.000000 0.535171 0.334302 0.334302 0.334302
3532.176514 0.000000 2461.040039 0.000000 0.953934 0.000000 0.300016 0.394675 0.394675 0.394675
3550.647705 0.000000 2442.818604 0.000000 0.999023 0.000000 -0.044190 0.400773 0.400773 0.400773
3582.756348 0.000000 2438.309082 0.000000 0.014945 0.000000 -0.999888 0.433405 0.433405 0.433405
3581.449707 0.000000 2435.563232 0.000000 0.938909 0.000000 -0.344167 0.435438 0.435438 0.435438
3552.145996 0.000000 2433.211670 0.000000 0.072435 0.000000 -0.997373 0.447879 0.447879 0.447879
3570.032715 0.000000 2454.956055 0.000000 0.011829 0.000000 0.999930 0.326830 0.326830 0.326830
3558.367432 0.000000 2462.481201 0.000000 0.903271 0.000000 -0.429070 0.423914 0.423914 0.423914
3559.138916 0.000000 2459.467041 0.000000 0.914787 0.000000 0.403936 0.365743 0.365743 0.365743
3568.089844 0.000000 2461.982422 0.000000 0.479575 0.000000 -0.877501 0.463614 0.463614 0.463614
3552.875000 0.000000 2443.485352 0.000000 0.944620 0.000000 -0.328166 0.420869 0.420869 0.420869
3559.103027 0.000000 2464.707764 0.000000 0.308046 0.000000 0.951371 0.334064 0.334064 0.334064
3547.335693 0.000000 2470.868408 0.000000 0.973078 0.000000 0.230478 0.384788 0.384788 0.384788
3536.939697 0.000000 2465.670898 0.000000 0.975648 0.000000 0.219343 0.386971 0.386971 0.386971
3557.047607 0.000000 2432.047119 0.000000 0.906118 0.000000 0.423026 0.372957 0.372957 0.372957
3590.815674 0.000000 2428.718506 0.000000 0.091099 0.000000 -0.995842 0.448020 0.448020 0.448020
3588.923828 0.000000 2455.732666 0.000000 0.402163 0.000000 0.915568 0.268293 0.268293 0.268293
3597.480713 0.000000 2448.990967 0.000000 0.986102 0.000000 0.166142 0.384498 0.384498 0.384498
3370.202637 0.000000 2607.209717 0.000000 0.930567 0.000000 -0.366122 0.443796 0.443796 0.443796
3342.962402 0.000000 2600.034912 0.000000 0.992979 0.000000 -0.118295 0.413203 0.413203 0.413203
3353.847168 0.000000 2605.760498 0.000000 0.996050 0.000000 0.088797 0.389833 0.389833 0.389833
3380.103027 0.000000 2609.920654 0.000000 0.305462 0.000000 -0.952204 0.424543 0.424543 0.424543
3361.602295 0.000000 2588.541992 0.000000 0.947459 0.000000 -0.319878 0.409592 0.409592 0.409592
3363.745850 0.000000 2608.349365 0.000000 0.008079 0.000000 -0.999967 0.445256 0.445256 0.445256
3372.980957 0.000000 2605.769043 0.000000 0.955630 0.000000 -0.294569 0.430456 0.430456 0.430456
3365.032227 0.000000 2614.153564 0.000000 0.836059 0.000000 -0.548639 0.420878 0.420878 0.420878
3341.162598 0.000000 2598.326172 0.000000 0.048393 0.000000 -0.998828 0.520102 0.520102 0.520102
3381.777344 0.000000 2611.721680 0.000000 0.900391 0.000000 -0.435081 0.422026 0.422026 0.422026
3366.556641 0.000000 2619.093506 0.000000 0.948224 0.000000 0.317603 0.376923 0.376923 0.376923
3373.182373 0.000000 2598.064697 0.000000 0.921298 0.000000 0.388857 0.378064 0.378064 0.378064
3370.764160 0.000000 2612.990967 0.000000 0.922348 0.000000 -0.386359 0.424362 0.424362 0.424362
3351.881836 0.000000 2604.760498 0.000000 0.723432 0.000000 -0.690396 0.452127 0.452127 0.452127
3350.486084 0.000000 2611.833008 0.000000 0.674946 0.000000 -0.737868 0.454284 0.454284 0.454284
3357.219727 0.000000 2642.773438 0.000000 0.057464 0.000000 0.998348 0.370531 0.370531 0.370531
3366.468018 0.000000 2632.219727 0.000000 0.983364 0.000000 0.181646 0.394619 0.394619 0.394619
3365.032227 0.000000 2678.137939 0.000000 0.768904 0.000000 -0.639364 0.430826 0.430826 0.430826
3362.411621 0.000000 2637.356689 0.000000 0.005085 0.000000 0.999987 0.314005 0.314005 0.314005
3371.536621 0.000000 2626.069580 0.000000 0.921041 0.000000 0.389465 0.382622 0.382622 0.382622
3358.711182 0.000000 2644.821533 0.000000 0.346196 0.000000 0.938162 0.344690 0.344690 0.344690
3368.257324 0.000000 2630.968506 0.000000 0.809054 0.000000 -0.587734 0.437643 0.437643 0.437643
5611.947754 0.000000 1782.846313 0.000000 0.919601 0.000000 -0.392853 0.414917 0.414917 0.414917
5245.383301 0.000000 1885.448242 0.000000 0.310304 0.000000 0.950637 0.374302 0.374302 0.374302
5244.954590 0.000000 1888.629150 0.000000 0.999460 0.000000 0.032852 0.396670 0.396670 0.396670
5246.597656 0.000000 1887.142944 0.000000 0.203913 0.000000 -0.978989 0.491358 0.491358 0.491358
5295.212891 0.000000 1864.421143 0.000000 0.886030 0.000000 -0.463627 0.456085 0.456085 0.456085
5291.993164 0.000000 1868.205444 0.000000 0.904509 0.000000 0.426454 0.395160 0.395160 0.395160
5273.549316 0.000000 1883.386230 0.000000 0.626292 0.000000 -0.779589 0.415177 0.415177 0.415177
5254.942871 0.000000 1902.195312 0.000000 0.622287 0.000000 0.782789 0.372614 0.372614 0.372614
5262.818848 0.000000 1909.665527 0.000000 0.999003 0.000000 -0.044644 0.401383 0.401383 0.401383
5294.830078 0.000000 1867.321655 0.000000 0.542990 0.000000 -0.839739 0.487100 0.487100 0.487100
5260.529297 0.000000 1891.149780 0.000000 0.970053 0.000000 -0.242894 0.410658 0.410658 0.410658
5275.706543 0.000000 1885.075562 0.000000 0.935217 0.000000 0.354074 0.381929 0.381929 0.381929
5292.964355 0.000000 1862.967529 0.000000 0.984026 0.000000 0.178024 0.386148 0.386148 0.386148
5345.785156 0.000000 1907.541748 0.000000 0.958839 0.000000 0.283950 0.395544 0.395544 0.395544
5359.060059 0.000000 1917.748047 0.000000 0.163275 0.000000 0.986581 0.362772 0.362772 0.362772
5330.825195 0.000000 1917.392456 0.000000 0.999811 0.000000 -0.019420 0.400621 0.400621 0.400621
5348.105957 0.000000 1906.938599 0.000000 0.089524 0.000000 -0.995985 0.507235 0.507235 0.507235
5337.847656 0.000000 1913.649902 0.000000 0.914736 0.000000 -0.404052 0.424091 0.424091 0.424091
5332.926270 0.000000 1919.885254 0.000000 0.832451 0.000000 0.554098 0.332849 0.332849 0.332849
5470.052246 0.000000 1827.371216 0.000000 0.966856 0.000000 0.255324 0.369705 0.369705 0.369705
5464.743652 0.000000 1828.293213 0.000000 0.250257 0.000000 -0.968179 0.416450 0.416450 0.416450
5464.847168 0.000000 1822.031372 0.000000 0.791737 0.000000 0.610863 0.376047 0.376047 0.376047
5474.876465 0.000000 1822.806030 0.000000 0.690842 0.000000 0.723006 0.341087 0.341087 0.341087
5478.869141 0.000000 1824.863892 0.000000 0.867159 0.000000 0.498032 0.372148 0.372148 0.372148
5390.548828 0.000000 1913.229492 0.000000 0.739793 0.000000 -0.672834 0.441273 0.441273 0.441273
5555.933105 0.000000 1804.841919 0.000000 0.942441 0.000000 -0.334372 0.414470 0.414470 0.414470
5538.145996 0.000000 1805.559814 0.000000 0.342354 0.000000 -0.939571 0.504893 0.504893 0.504893
5562.192383 0.000000 1811.906738 0.000000 0.123171 0.000000 -0.992385 0.483106 0.483106 0.483106
5534.445801 0.000000 1813.024658 0.000000 0.933031 0.000000 -0.359796 0.426279 0.426279 0.426279
5560.541016 0.000000 1816.827271 0.000000 0.885251 0.000000 0.465114 0.364734 0.364734 0.364734
5563.855957 0.000000 1810.204224 0.000000 0.946458 0.000000 0.322828 0.381125 0.381125 0.381125
5571.489746 0.000000 1792.816162 0.000000 0.999852 0.000000 0.017183 0.399717 0.399717 0.399717
5573.208496 0.000000 1799.457886 0.000000 0.727644 0.000000 0.685955 0.375467 0.375467 0.375467
5606.750977 0.000000 1791.616333 0.000000 0.708911 0.000000 0.705298 0.369511 0.369511 0.369511
5611.263184 0.000000 1794.272827 0.000000 0.663506 0.000000 0.748171 0.327826 0.327826 0.327826
5569.886230 0.000000 1794.481445 0.000000 0.727178 0.000000 0.686449 0.359200 0.359200 0.359200
5387.623535 0.000000 1922.572998 0.000000 0.507860 0.000000 -0.861440 0.445613 0.445613 0.445613
5543.175781 0.000000 2534.829834 0.000000 0.333475 0.000000 -0.942759 0.408604 0.408604 0.408604
5548.749512 0.000000 2521.260742 0.000000 0.691020 0.000000 -0.722836 0.414119 0.414119 0.414119
5544.742188 0.000000 2529.823730 0.000000 0.999570 0.000000 0.029314 0.399458 0.399458 0.399458
5538.236328 0.000000 2551.087402 0.000000 0.751894 0.000000 0.659284 0.384544 0.384544 0.384544
5552.934570 0.000000 2511.688232 0.000000 0.621910 0.000000 -0.783089 0.429197 0.429197 0.429197
5543.637207 0.000000 2541.503662 0.000000 0.452764 0.000000 -0.891630 0.448924 0.448924 0.448924
5517.027832 0.000000 2558.254639 0.000000 0.615066 0.000000 0.788475 0.365985 0.365985 0.365985
5550.417480 0.000000 2510.025391 0.000000 0.366240 0.000000 0.930520 0.342679 0.342679 0.342679
5517.616699 0.000000 2542.432373 0.000000 0.231730 0.000000 -0.972780 0.466755 0.466755 0.466755
5538.868652 0.000000 2526.634277 0.000000 0.926958 0.000000 -0.375166 0.421122 0.421122 0.421122
5542.125488 0.000000 2526.465576 0.000000 0.526558 0.000000 -0.850139 0.461398 0.461398 0.461398
5540.719727 0.000000 2521.929443 0.000000 0.997986 0.000000 0.063437 0.395341 0.395341 0.395341
5524.512207 0.000000 2537.746826 0.000000 0.968214 0.000000 0.250123 0.383085 0.383085 0.383085
5514.564941 0.000000 2554.940674 0.000000 0.869116 0.000000 -0.494608 0.425833 0.425833 0.425833
5542.861328 0.000000 2528.692139 0.000000 0.560254 0.000000 -0.828321 0.455074 0.455074 0.455074
5569.336914 0.000000 2506.964600 0.000000 0.930529 0.000000 0.366219 0.376598 0.376598 0.376598
5515.934570 0.000000 2589.008789 0.000000 0.377140 0.000000 -0.926156 0.417146 0.417146 0.417146
5534.405762 0.000000 2570.787354 0.000000 0.778696 0.000000 0.627402 0.387809 0.387809 0.387809
5507.497559 0.000000 2560.628662 0.000000 0.526333 0.000000 0.850279 0.378175 0.378175 0.378175
5522.068848 0.000000 2565.417969 0.000000 0.830204 0.000000 -0.557460 0.417420 0.417420 0.417420
5528.923828 0.000000 2566.688965 0.000000 0.955270 0.000000 0.295734 0.389207 0.389207 0.389207
5397.114746 0.000000 2805.674316 0.000000 0.301216 0.000000 -0.953556 0.424630 0.424630 0.424630
5383.781738 0.000000 2791.253662 0.000000 0.399479 0.000000 -0.916742 0.433589 0.433589 0.433589
5399.729004 0.000000 2794.337402 0.000000 0.567791 0.000000 -0.823173 0.441040 0.441040 0.441040
5395.468750 0.000000 2807.793945 0.000000 0.856881 0.000000 -0.515515 0.426773 0.426773 0.426773
5418.514648 0.000000 2804.944092 0.000000 0.394081 0.000000 0.919076 0.315601 0.315601 0.315601
5423.038086 0.000000 2804.559326 0.000000 0.832285 0.000000 -0.554348 0.440780 0.440780 0.440780
5413.416016 0.000000 2789.490967 0.000000 0.768450 0.000000 -0.639909 0.441605 0.441605 0.441605
5472.422852 0.000000 2783.587402 0.000000 0.140850 0.000000 -0.990031 0.423554 0.423554 0.423554
5457.710938 0.000000 2764.636230 0.000000 0.985430 0.000000 0.170082 0.397440 0.397440 0.397440
5471.999023 0.000000 2766.731689 0.000000 0.998974 0.000000 -0.045293 0.400814 0.400814 0.400814
5497.693848 0.000000 2774.268799 0.000000 0.148201 0.000000 0.988957 0.366628 0.366628 0.366628
5486.967773 0.000000 2806.864502 0.000000 0.754134 0.000000 0.656721 0.380682 0.380682 0.380682
5473.344727 0.000000 2780.495117 0.000000 0.958058 0.000000 0.286574 0.391147 0.391147 0.391147
5475.488281 0.000000 2800.302490 0.000000 0.940855 0.000000 -0.338809 0.410528 0.410528 0.410528
5492.970703 0.000000 2790.580811 0.000000 0.977758 0.000000 -0.209737 0.420996 0.420996 0.420996
5483.963379 0.000000 2806.596191 0.000000 0.698253 0.000000 -0.715851 0.474097 0.474097 0.474097
5445.081543 0.000000 2786.708740 0.000000 0.567251 0.000000 -0.823545 0.485034 0.485034 0.485034
5452.515625 0.000000 2778.394043 0.000000 0.033176 0.000000 0.999450 0.343187 0.343187 0.343187
5458.534668 0.000000 2767.081299 0.000000 0.415454 0.000000 0.909614 0.350376 0.350376 0.350376
5455.000488 0.000000 2803.028809 0.000000 0.640044 0.000000 -0.768339 0.454689 0.454689 0.454689
5499.990234 0.000000 2774.547119 0.000000 0.993795 0.000000 0.111227 0.394713 0.394713 0.394713
5459.886719 0.000000 2764.995117 0.000000 0.138424 0.000000 0.990373 0.318493 0.318493 0.318493
5559.968750 0.000000 2803.682373 0.000000 0.305264 0.000000 -0.952268 0.559243 0.559243 0.559243
5540.533203 0.000000 2797.245850 0.000000 0.989527 0.000000 0.144350 0.382135 0.382135 0.382135
5513.003906 0.000000 2761.573486 0.000000 0.302183 0.000000 -0.953250 0.545769 0.545769 0.545769
5563.879395 0.000000 2812.048828 0.000000 0.665207 0.000000 0.746659 0.304028 0.304028 0.304028
5554.504395 0.000000 2805.893555 0.000000 0.559790 0.000000 0.828634 0.287351 0.287351 0.287351
5565.495605 0.000000 2802.414307 0.000000 0.794158 0.000000 -0.607712 0.406523 0.406523 0.406523
5548.275391 0.000000 2809.549805 0.000000 0.300475 0.000000 0.953790 0.253392 0.253392 0.253392
5544.487305 0.000000 2781.482910 0.000000 0.994155 0.000000 0.107964 0.398326 0.398326 0.398326
5526.337402 0.000000 2791.867432 0.000000 0.604538 0.000000 0.796576 0.298763 0.298763 0.298763
5512.234375 0.000000 2809.974854 0.000000 0.908695 0.000000 0.417460 0.388174 0.388174 0.388174
5526.643066 0.000000 2779.863037 0.000000 0.995729 0.000000 0.092319 0.391229 0.391229 0.391229
5508.013184 0.000000 2795.849121 0.000000 0.316549 0.000000 -0.948576 0.514099 0.514099 0.514099
5543.637207 0.000000 2797.441162 0.000000 0.806557 0.000000 -0.591157 0.452109 0.452109 0.452109
5540.766602 0.000000 2806.106689 0.000000 0.710243 0.000000 -0.703956 0.469019 0.469019 0.469019
5554.197266 0.000000 2799.576904 0.000000 0.498710 0.000000 -0.866769 0.485350 0.485350 0.485350
5517.616699 0.000000 2798.369873 0.000000 0.993276 0.000000 -0.115773 0.408922 0.408922 0.408922
5532.504883 0.000000 2797.631592 0.000000 0.275289 0.000000 0.961362 0.302596 0.302596 0.302596
5522.526855 0.000000 2767.081299 0.000000 0.346845 0.000000 0.937923 0.311311 0.311311 0.311311
5536.878906 0.000000 2800.908447 0.000000 0.637051 0.000000 0.770822 0.329247 0.329247 0.329247
5517.876465 0.000000 2756.589600 0.000000 0.832817 0.000000 0.553548 0.358701 0.358701 0.358701
5563.126465 0.000000 2814.493652 0.000000 0.934429 0.000000 0.356148 0.369454 0.369454 0.369454
5549.228516 0.000000 2811.834961 0.000000 0.996019 0.000000 0.089147 0.393092 0.393092 0.393092
5522.641113 0.000000 2778.771484 0.000000 0.856275 0.000000 -0.516520 0.427644 0.427644 0.427644
5523.826660 0.000000 2783.038086 0.000000 0.918469 0.000000 0.395494 0.376043 0.376043 0.376043
5532.844238 0.000000 2793.250732 0.000000 0.157315 0.000000 -0.987548 0.514281 0.514281 0.514281
5520.952637 0.000000 2798.637451 0.000000 0.825887 0.000000 0.563836 0.364407 0.364407 0.364407
5560.031738 0.000000 2801.176270 0.000000 0.770772 0.000000 0.637111 0.357233 0.357233 0.357233
5548.916992 0.000000 2790.017822 0.000000 0.252752 0.000000 0.967531 0.332357 0.332357 0.332357
5527.616211 0.000000 2796.713623 0.000000 0.864344 0.000000 0.502901 0.364480 0.364480 0.364480
5546.773438 0.000000 2786.504883 0.000000 0.454766 0.000000 -0.890611 0.478448 0.478448 0.478448
5555.133789 0.000000 2813.361328 0.000000 0.247524 0.000000 -0.968882 0.474515 0.474515 0.474515
5536.085449 0.000000 2796.157471 0.000000 0.386580 0.000000 0.922256 0.331423 0.331423 0.331423
5538.995605 0.000000 2805.041504 0.000000 0.998846 0.000000 -0.048026 0.403239 0.403239 0.403239
5619.772461 0.000000 2776.430664 0.000000 0.484034 0.000000 0.875049 0.274972 0.274972 0.274972
5598.047363 0.000000 2795.522217 0.000000 0.943697 0.000000 -0.330811 0.437205 0.437205 0.437205
5590.635254 0.000000 2779.863037 0.000000 0.678570 0.000000 0.734535 0.369518 0.369518 0.369518
5592.831543 0.000000 2781.797119 0.000000 0.661575 0.000000 -0.749879 0.444876 0.444876 0.444876
5610.698730 0.000000 2796.281738 0.000000 0.869972 0.000000 0.493101 0.378888 0.378888 0.378888
5576.913086 0.000000 2796.727295 0.000000 0.690412 0.000000 -0.723416 0.464610 0.464610 0.464610
5598.805664 0.000000 2797.821533 0.000000 0.605576 0.000000 0.795788 0.340263 0.340263 0.340263
5587.853516 0.000000 2791.596924 0.000000 0.525398 0.000000 -0.850857 0.463513 0.463513 0.463513
5609.520996 0.000000 2783.715576 0.000000 0.866362 0.000000 -0.499416 0.428982 0.428982 0.428982
5605.392578 0.000000 2789.490967 0.000000 0.459863 0.000000 -0.887990 0.466033 0.466033 0.466033
5456.866211 0.000000 2815.318359 0.000000 0.048512 0.000000 -0.998823 0.436484 0.436484 0.436484
5458.076660 0.000000 2821.355469 0.000000 0.399533 0.000000 0.916719 0.292868 0.292868 0.292868
5558.381836 0.000000 2816.064697 0.000000 0.714331 0.000000 -0.699808 0.492500 0.492500 0.492500
5544.763672 0.000000 2817.383789 0.000000 0.052439 0.000000 -0.998624 0.415162 0.415162 0.415162
5551.181641 0.000000 2824.186768 0.000000 0.364656 0.000000 -0.931142 0.412557 0.412557 0.412557
5565.344238 0.000000 2845.213867 0.000000 0.801723 0.000000 -0.597695 0.409596 0.409596 0.409596
5533.424316 0.000000 2854.885010 0.000000 0.938825 0.000000 -0.344395 0.408953 0.408953 0.408953
5541.502441 0.000000 2817.826416 0.000000 0.845526 0.000000 -0.533935 0.414905 0.414905 0.414905
5556.244629 0.000000 2849.125488 0.000000 0.358080 0.000000 -0.933691 0.430073 0.430073 0.430073
5562.308594 0.000000 2825.865723 0.000000 0.994307 0.000000 -0.106557 0.404211 0.404211 0.404211
5542.758789 0.000000 2815.366455 0.000000 0.315755 0.000000 -0.948841 0.451784 0.451784 0.451784
5548.686523 0.000000 2838.582520 0.000000 0.006551 0.000000 0.999979 0.311742 0.311742 0.311742
5534.051758 0.000000 2832.458008 0.000000 0.751111 0.000000 0.660176 0.360397 0.360397 0.360397
5532.296387 0.000000 2825.416016 0.000000 0.840495 0.000000 -0.541819 0.434309 0.434309 0.434309
5530.725098 0.000000 2815.433350 0.000000 0.373276 0.000000 0.927720 0.322870 0.322870 0.322870
5563.942383 0.000000 2827.756592 0.000000 0.992535 0.000000 -0.121962 0.405555 0.405555 0.405555
5553.477051 0.000000 2823.241943 0.000000 0.228616 0.000000 -0.973517 0.476283 0.476283 0.476283
5560.037109 0.000000 2831.217285 0.000000 0.999894 0.000000 -0.014540 0.400980 0.400980 0.400980
5541.322266 0.000000 2826.449463 0.000000 0.973675 0.000000 0.227941 0.387025 0.387025 0.387025
5524.534180 0.000000 2821.179932 0.000000 0.503459 0.000000 0.864019 0.328119 0.328119 0.328119
5560.232422 0.000000 2826.952881 0.000000 0.436717 0.000000 -0.899599 0.463686 0.463686 0.463686
5523.878906 0.000000 2828.979492 0.000000 0.956254 0.000000 -0.292537 0.420308 0.420308 0.420308
5531.093750 0.000000 2854.774658 0.000000 0.342764 0.000000 -0.939421 0.468278 0.468278 0.468278
5574.108887 0.000000 2820.000000 0.000000 0.747914 0.000000 0.663795 0.392751 0.392751 0.392751
5579.423828 0.000000 2820.918701 0.000000 0.871971 0.000000 0.489558 0.391571 0.391571 0.391571
5584.850586 0.000000 2815.318359 0.000000 0.213010 0.000000 -0.977050 0.425054 0.425054 0.425054
5573.308594 0.000000 2826.484619 0.000000 0.162034 0.000000 -0.986785 0.425310 0.425310 0.425310
5567.441406 0.000000 2827.800049 0.000000 0.903084 0.000000 0.429463 0.390026 0.390026 0.390026
5583.929199 0.000000 2838.332764 0.000000 0.377555 0.000000 0.925987 0.373996 0.373996 0.373996
5576.541504 0.000000 2822.212402 0.000000 0.990134 0.000000 -0.140121 0.404703 0.404703 0.404703
5570.285156 0.000000 2841.730469 0.000000 0.615513 0.000000 -0.788127 0.424022 0.424022 0.424022
5567.395508 0.000000 2846.387939 0.000000 0.128291 0.000000 0.991737 0.361116 0.361116 0.361116
5578.717285 0.000000 2834.107910 0.000000 0.041672 0.000000 -0.999131 0.462607 0.462607 0.462607
5577.837891 0.000000 2843.149170 0.000000 0.994564 0.000000 0.104126 0.396354 0.396354 0.396354
5569.929688 0.000000 2838.613281 0.000000 0.205854 0.000000 -0.978583 0.448336 0.448336 0.448336
5590.381348 0.000000 2818.027588 0.000000 0.363980 0.000000 -0.931407 0.484959 0.484959 0.484959
5631.415039 0.000000 2812.399658 0.000000 0.092450 0.000000 -0.995717 0.413286 0.413286 0.413286
5634.121094 0.000000 2791.270264 0.000000 0.421149 0.000000 -0.906992 0.436872 0.436872 0.436872
5639.327148 0.000000 2788.421387 0.000000 0.632210 0.000000 0.774797 0.369462 0.369462 0.369462
5633.069336 0.000000 2814.389404 0.000000 0.673195 0.000000 0.739465 0.343068 0.343068 0.343068
5631.844727 0.000000 2815.462402 0.000000 0.997492 0.000000 0.070778 0.398302 0.398302 0.398302
"}
