object={
	name="tree_jungle_01_d_generator_1_0"
	clamp_to_water_level=no
	render_under_water=no
	generated_content=yes
	layer="tree_high_layer"
	pdxmesh="tree_jungle_01_d_mesh"
	count=102
	transform="5178.644531 0.000000 2010.108643 0.000000 0.722992 0.000000 0.690857 0.730007 0.730007 0.730007
5181.390625 0.000000 2013.416992 0.000000 0.999113 0.000000 0.042121 0.748264 0.748264 0.748264
5182.034180 0.000000 2007.831421 0.000000 0.999721 0.000000 -0.023614 0.751327 0.751327 0.751327
5204.333008 0.000000 2042.561890 0.000000 0.856533 0.000000 -0.516093 0.766246 0.766246 0.766246
5211.734375 0.000000 1991.180298 0.000000 0.727646 0.000000 -0.685953 0.758492 0.758492 0.758492
5223.688477 0.000000 2045.456299 0.000000 0.016199 0.000000 0.999869 0.732535 0.732535 0.732535
5191.534180 0.000000 2012.840088 0.000000 0.757573 0.000000 -0.652751 0.761985 0.761985 0.761985
5183.597656 0.000000 2008.394165 0.000000 0.706949 0.000000 -0.707264 0.780891 0.780891 0.780891
5203.005859 0.000000 1992.539185 0.000000 0.996780 0.000000 0.080183 0.748046 0.748046 0.748046
5196.794922 0.000000 2039.963623 0.000000 0.145708 0.000000 -0.989328 0.798013 0.798013 0.798013
5211.871582 0.000000 2046.488892 0.000000 0.796719 0.000000 0.604349 0.739064 0.739064 0.739064
5188.620117 0.000000 2021.547852 0.000000 0.919223 0.000000 -0.393737 0.775764 0.775764 0.775764
5217.618164 0.000000 2044.668701 0.000000 0.964804 0.000000 -0.262969 0.763453 0.763453 0.763453
5188.728027 0.000000 2007.842041 0.000000 0.144203 0.000000 0.989548 0.699266 0.699266 0.699266
5198.106445 0.000000 1994.680664 0.000000 0.129996 0.000000 -0.991515 0.793153 0.793153 0.793153
5194.539062 0.000000 2008.586792 0.000000 0.288919 0.000000 0.957353 0.678229 0.678229 0.678229
5241.670410 0.000000 2015.504639 0.000000 0.159963 0.000000 -0.987123 0.792246 0.792246 0.792246
5191.533691 0.000000 2017.698975 0.000000 0.968401 0.000000 0.249400 0.735369 0.735369 0.735369
5196.965332 0.000000 2004.299072 0.000000 0.981926 0.000000 0.189265 0.747148 0.747148 0.747148
5185.711914 0.000000 2004.093994 0.000000 0.560002 0.000000 0.828491 0.700638 0.700638 0.700638
5207.656250 0.000000 1993.439209 0.000000 0.989796 0.000000 0.142492 0.746252 0.746252 0.746252
5227.908203 0.000000 2046.281006 0.000000 0.971204 0.000000 0.238248 0.741442 0.741442 0.741442
5195.875488 0.000000 2036.405151 0.000000 0.241048 0.000000 -0.970513 0.804678 0.804678 0.804678
5199.975586 0.000000 2006.535767 0.000000 0.193388 0.000000 -0.981122 0.786075 0.786075 0.786075
5191.804688 0.000000 2023.441162 0.000000 0.614297 0.000000 0.789075 0.704030 0.704030 0.704030
5215.570801 0.000000 2047.264893 0.000000 0.053367 0.000000 0.998575 0.630669 0.630669 0.630669
5231.075195 0.000000 2045.716797 0.000000 0.942724 0.000000 -0.333574 0.761462 0.761462 0.761462
5236.283203 0.000000 2017.328613 0.000000 0.615666 0.000000 -0.788007 0.785686 0.785686 0.785686
5186.331543 0.000000 2009.933594 0.000000 0.705218 0.000000 -0.708990 0.813450 0.813450 0.813450
5191.369141 0.000000 2009.637329 0.000000 0.242904 0.000000 -0.970050 0.851752 0.851752 0.851752
5214.227539 0.000000 2044.485474 0.000000 0.498406 0.000000 -0.866943 0.814820 0.814820 0.814820
5188.813477 0.000000 2011.620483 0.000000 0.730292 0.000000 0.683136 0.723245 0.723245 0.723245
5191.381348 0.000000 2020.608887 0.000000 0.041238 0.000000 0.999149 0.689857 0.689857 0.689857
5238.892578 0.000000 2015.921143 0.000000 0.308630 0.000000 0.951182 0.695865 0.695865 0.695865
5185.976074 0.000000 2006.816406 0.000000 0.999981 0.000000 0.006152 0.749332 0.749332 0.749332
5203.491699 0.000000 2039.981445 0.000000 0.797172 0.000000 0.603752 0.706307 0.706307 0.706307
5193.166504 0.000000 2014.929688 0.000000 0.974693 0.000000 0.223548 0.728049 0.728049 0.728049
5210.712402 0.000000 2044.412842 0.000000 0.489097 0.000000 0.872230 0.624991 0.624991 0.624991
5191.147949 0.000000 2015.634399 0.000000 0.786240 0.000000 -0.617921 0.809866 0.809866 0.809866
5190.860352 0.000000 2025.182739 0.000000 0.319944 0.000000 -0.947436 0.850250 0.850250 0.850250
5207.609863 0.000000 2045.333618 0.000000 0.811377 0.000000 0.584523 0.686878 0.686878 0.686878
5189.250000 0.000000 2009.667847 0.000000 0.427575 0.000000 0.903980 0.637962 0.637962 0.637962
5250.121582 0.000000 2013.057739 0.000000 0.215360 0.000000 -0.976535 0.785487 0.785487 0.785487
5247.434082 0.000000 2014.591064 0.000000 0.557458 0.000000 -0.830205 0.805019 0.805019 0.805019
5169.133789 0.000000 2060.981689 0.000000 0.107374 0.000000 0.994219 0.539040 0.539040 0.539040
5171.979492 0.000000 2060.779541 0.000000 0.985416 0.000000 -0.170160 0.794183 0.794183 0.794183
5166.463867 0.000000 2062.134766 0.000000 0.480855 0.000000 0.876800 0.507768 0.507768 0.507768
5171.277344 0.000000 2064.028809 0.000000 0.636477 0.000000 0.771295 0.603207 0.603207 0.603207
5167.948730 0.000000 2065.142334 0.000000 0.274615 0.000000 -0.961554 1.292145 1.292145 1.292145
5167.385254 0.000000 2063.473877 0.000000 0.915176 0.000000 0.403053 0.656011 0.656011 0.656011
5173.590332 0.000000 2060.967041 0.000000 0.850509 0.000000 -0.525961 0.829851 0.829851 0.829851
5166.289551 0.000000 2066.737793 0.000000 0.970798 0.000000 -0.239898 0.791732 0.791732 0.791732
5170.091309 0.000000 2064.781494 0.000000 0.829260 0.000000 0.558863 0.651177 0.651177 0.651177
5170.598145 0.000000 2060.929932 0.000000 0.980161 0.000000 -0.198205 0.801556 0.801556 0.801556
5166.867188 0.000000 2065.662598 0.000000 0.721191 0.000000 0.692736 0.429028 0.429028 0.429028
5169.486328 0.000000 2062.659668 0.000000 0.234512 0.000000 0.972113 0.307864 0.307864 0.307864
5167.137695 0.000000 2064.490479 0.000000 0.900086 0.000000 -0.435712 0.939087 0.939087 0.939087
5173.706543 0.000000 2064.569824 0.000000 0.425335 0.000000 0.905036 0.408911 0.408911 0.408911
5168.091797 0.000000 2064.171631 0.000000 0.999883 0.000000 0.015275 0.744708 0.744708 0.744708
5172.947266 0.000000 2062.536865 0.000000 0.459684 0.000000 -0.888082 1.241241 1.241241 1.241241
5231.645508 0.000000 2069.443359 0.000000 0.992153 0.000000 0.125029 0.746949 0.746949 0.746949
5226.352539 0.000000 2055.446533 0.000000 0.095824 0.000000 -0.995398 0.777615 0.777615 0.777615
5217.156250 0.000000 2068.411865 0.000000 0.827492 0.000000 -0.561477 0.767860 0.767860 0.767860
5220.715332 0.000000 2080.630371 0.000000 0.969139 0.000000 0.246516 0.739739 0.739739 0.739739
5204.941406 0.000000 2047.854004 0.000000 0.863556 0.000000 -0.504252 0.753958 0.753958 0.753958
5224.908691 0.000000 2063.912109 0.000000 0.173499 0.000000 0.984834 0.734312 0.734312 0.734312
5229.504883 0.000000 2077.786377 0.000000 0.916569 0.000000 0.399876 0.742297 0.742297 0.742297
5214.300781 0.000000 2075.759277 0.000000 0.062738 0.000000 0.998030 0.727411 0.727411 0.727411
5218.889648 0.000000 2058.644775 0.000000 0.416411 0.000000 0.909176 0.741452 0.741452 0.741452
5205.432129 0.000000 2092.122803 0.000000 0.697330 0.000000 0.716750 0.670696 0.670696 0.670696
5231.220215 0.000000 2056.374268 0.000000 0.299612 0.000000 -0.954061 0.766600 0.766600 0.766600
5229.939941 0.000000 2064.830811 0.000000 0.738183 0.000000 -0.674601 0.792978 0.792978 0.792978
5228.000488 0.000000 2060.158447 0.000000 0.530485 0.000000 0.847695 0.679915 0.679915 0.679915
5218.461914 0.000000 2073.109131 0.000000 0.982859 0.000000 -0.184358 0.752777 0.752777 0.752777
5209.620117 0.000000 2093.885498 0.000000 0.999355 0.000000 0.035896 0.742941 0.742941 0.742941
5212.992676 0.000000 2066.914062 0.000000 0.959696 0.000000 0.281042 0.730797 0.730797 0.730797
5234.586426 0.000000 2050.949219 0.000000 0.996154 0.000000 -0.087619 0.752136 0.752136 0.752136
5228.890625 0.000000 2052.426025 0.000000 0.445184 0.000000 0.895439 0.720918 0.720918 0.720918
5216.029785 0.000000 2062.903564 0.000000 0.477743 0.000000 -0.878500 0.798205 0.798205 0.798205
5234.375977 0.000000 2057.671875 0.000000 0.999126 0.000000 0.041803 0.748199 0.748199 0.748199
5227.683105 0.000000 2047.652954 0.000000 0.884811 0.000000 -0.465950 0.767244 0.767244 0.767244
5232.423828 0.000000 2053.251953 0.000000 0.382059 0.000000 0.924138 0.703650 0.703650 0.703650
5231.907227 0.000000 2072.656494 0.000000 0.322298 0.000000 0.946638 0.691832 0.691832 0.691832
5206.449707 0.000000 2094.973633 0.000000 0.155846 0.000000 -0.987781 0.903594 0.903594 0.903594
5207.751953 0.000000 2090.509277 0.000000 0.943378 0.000000 -0.331719 0.847499 0.847499 0.847499
5217.250488 0.000000 2065.534668 0.000000 0.025775 0.000000 -0.999668 0.831001 0.831001 0.831001
5222.338867 0.000000 2065.348877 0.000000 0.522875 0.000000 0.852409 0.683117 0.683117 0.683117
5227.606445 0.000000 2063.035156 0.000000 0.985334 0.000000 -0.170636 0.758990 0.758990 0.758990
5219.519043 0.000000 2066.857666 0.000000 0.916374 0.000000 -0.400324 0.769280 0.769280 0.769280
5222.164062 0.000000 2078.574951 0.000000 0.980820 0.000000 0.194917 0.735675 0.735675 0.735675
5204.550781 0.000000 2089.856201 0.000000 0.493259 0.000000 -0.869882 1.070003 1.070003 1.070003
5207.654785 0.000000 2092.885498 0.000000 0.814090 0.000000 0.580738 0.604973 0.604973 0.604973
5218.912109 0.000000 2075.159668 0.000000 0.928876 0.000000 0.370390 0.720161 0.720161 0.720161
5214.183594 0.000000 2047.572510 0.000000 0.994648 0.000000 0.103325 0.741860 0.741860 0.741860
5209.457520 0.000000 2091.687988 0.000000 0.443030 0.000000 0.896507 0.564721 0.564721 0.564721
5206.086426 0.000000 2090.638428 0.000000 0.841661 0.000000 0.540006 0.585512 0.585512 0.585512
5206.244629 0.000000 2093.417725 0.000000 0.830754 0.000000 -0.556639 0.888169 0.888169 0.888169
5209.332520 0.000000 2090.302490 0.000000 0.783691 0.000000 -0.621151 0.861687 0.861687 0.861687
5205.089355 0.000000 2088.514648 0.000000 0.425505 0.000000 -0.904956 1.093151 1.093151 1.093151
5206.904297 0.000000 2091.736572 0.000000 0.967416 0.000000 0.253191 0.676189 0.676189 0.676189
5204.720215 0.000000 2091.102539 0.000000 0.999538 0.000000 0.030403 0.738271 0.738271 0.738271
5205.839844 0.000000 2089.510254 0.000000 0.975611 0.000000 0.219505 0.682871 0.682871 0.682871
"}
