object={
	name="tree_cypress_01_generator_1_0"
	clamp_to_water_level=no
	render_under_water=no
	generated_content=yes
	layer="tree_high_layer"
	pdxmesh="tree_cypress_01_a_mesh"
	count=56
	transform="2809.387207 0.000000 1948.704712 0.000000 0.807187 0.000000 0.590296 1.000000 1.000000 1.000000
2810.933594 0.000000 2010.108643 0.000000 0.311508 0.000000 -0.950243 1.000000 1.000000 1.000000
2807.281738 0.000000 2010.674316 0.000000 0.108633 0.000000 -0.994082 1.000000 1.000000 1.000000
2809.387207 0.000000 2012.689087 0.000000 0.803800 0.000000 0.594900 1.000000 1.000000 1.000000
2804.639160 0.000000 2006.852905 0.000000 0.812188 0.000000 0.583395 1.000000 1.000000 1.000000
2807.005859 0.000000 2000.385620 0.000000 0.240828 0.000000 0.970568 1.000000 1.000000 1.000000
2800.403320 0.000000 2006.952759 0.000000 0.395602 0.000000 -0.918422 1.000000 1.000000 1.000000
2807.445557 0.000000 2009.237061 0.000000 0.595446 0.000000 -0.803396 1.000000 1.000000 1.000000
2803.452393 0.000000 2007.469604 0.000000 0.737649 0.000000 0.675184 1.000000 1.000000 1.000000
2805.512939 0.000000 2007.855713 0.000000 0.934215 0.000000 -0.356711 1.000000 1.000000 1.000000
2807.793945 0.000000 2008.116333 0.000000 0.789696 0.000000 -0.613499 1.000000 1.000000 1.000000
2806.813965 0.000000 2011.776001 0.000000 0.646097 0.000000 -0.763255 1.000000 1.000000 1.000000
2805.976074 0.000000 2006.641479 0.000000 0.758934 0.000000 -0.651168 1.000000 1.000000 1.000000
2806.721436 0.000000 2008.299072 0.000000 0.713810 0.000000 0.700339 1.000000 1.000000 1.000000
2833.737549 0.000000 1907.991089 0.000000 0.939273 0.000000 0.343170 1.000000 1.000000 1.000000
2838.665283 0.000000 1896.086182 0.000000 0.608556 0.000000 -0.793511 1.000000 1.000000 1.000000
2836.840088 0.000000 1897.903198 0.000000 0.902412 0.000000 -0.430875 1.000000 1.000000 1.000000
2836.188965 0.000000 1895.815796 0.000000 0.960118 0.000000 0.279593 1.000000 1.000000 1.000000
2837.065430 0.000000 1894.158569 0.000000 0.820726 0.000000 0.571322 1.000000 1.000000 1.000000
2838.375732 0.000000 1898.685303 0.000000 0.451523 0.000000 -0.892260 1.000000 1.000000 1.000000
2832.621094 0.000000 1909.196167 0.000000 0.276169 0.000000 -0.961109 1.000000 1.000000 1.000000
2839.193115 0.000000 1899.783325 0.000000 0.155098 0.000000 -0.987899 1.000000 1.000000 1.000000
2827.028809 0.000000 1957.339355 0.000000 0.005032 0.000000 -0.999987 1.000000 1.000000 1.000000
2823.913086 0.000000 1963.023682 0.000000 0.114582 0.000000 0.993414 1.000000 1.000000 1.000000
2820.908936 0.000000 1957.563477 0.000000 0.223680 0.000000 0.974663 1.000000 1.000000 1.000000
2828.262207 0.000000 1949.165039 0.000000 0.520899 0.000000 -0.853618 1.000000 1.000000 1.000000
2845.751709 0.000000 1959.103760 0.000000 0.440987 0.000000 0.897513 1.000000 1.000000 1.000000
2832.264648 0.000000 1942.551392 0.000000 0.905607 0.000000 0.424118 1.000000 1.000000 1.000000
2820.924805 0.000000 1961.205444 0.000000 0.676787 0.000000 -0.736179 1.000000 1.000000 1.000000
2848.601074 0.000000 1957.448975 0.000000 0.999905 0.000000 0.013750 1.000000 1.000000 1.000000
2834.396729 0.000000 1925.574219 0.000000 0.901199 0.000000 0.433407 1.000000 1.000000 1.000000
2843.950195 0.000000 1956.862549 0.000000 0.286057 0.000000 0.958212 1.000000 1.000000 1.000000
2826.873535 0.000000 1941.788696 0.000000 0.984577 0.000000 -0.174953 1.000000 1.000000 1.000000
2832.697754 0.000000 1939.768677 0.000000 0.387595 0.000000 -0.921830 1.000000 1.000000 1.000000
2829.224854 0.000000 1958.482544 0.000000 0.719746 0.000000 0.694238 1.000000 1.000000 1.000000
2847.466064 0.000000 1961.752930 0.000000 0.768690 0.000000 0.639622 1.000000 1.000000 1.000000
2843.421387 0.000000 1958.993408 0.000000 0.205167 0.000000 0.978727 1.000000 1.000000 1.000000
2833.025391 0.000000 1953.795898 0.000000 0.109629 0.000000 0.993973 1.000000 1.000000 1.000000
2826.261719 0.000000 1959.305664 0.000000 0.056244 0.000000 0.998417 1.000000 1.000000 1.000000
2823.149414 0.000000 1961.198364 0.000000 0.031506 0.000000 -0.999504 1.000000 1.000000 1.000000
2833.546387 0.000000 1927.705322 0.000000 0.780560 0.000000 -0.625081 1.000000 1.000000 1.000000
2832.553711 0.000000 1925.124634 0.000000 0.474711 0.000000 -0.880142 1.000000 1.000000 1.000000
2826.276611 0.000000 1940.008423 0.000000 0.984016 0.000000 0.178080 1.000000 1.000000 1.000000
2820.223877 0.000000 1959.267334 0.000000 0.778746 0.000000 0.627340 1.000000 1.000000 1.000000
2827.364990 0.000000 1955.851318 0.000000 0.996480 0.000000 -0.083837 1.000000 1.000000 1.000000
2826.481201 0.000000 1953.494873 0.000000 0.935252 0.000000 0.353983 1.000000 1.000000 1.000000
2847.555420 0.000000 1958.158813 0.000000 0.066200 0.000000 -0.997806 1.000000 1.000000 1.000000
2823.070068 0.000000 1960.030884 0.000000 0.502819 0.000000 0.864392 1.000000 1.000000 1.000000
2834.031006 0.000000 1996.823730 0.000000 0.144385 0.000000 0.989522 1.000000 1.000000 1.000000
2838.644043 0.000000 2003.553223 0.000000 0.923335 0.000000 -0.383996 1.000000 1.000000 1.000000
2836.206543 0.000000 1997.182495 0.000000 0.301405 0.000000 0.953496 1.000000 1.000000 1.000000
2836.658691 0.000000 2003.377930 0.000000 0.890713 0.000000 0.454566 1.000000 1.000000 1.000000
2834.597656 0.000000 2000.900879 0.000000 0.588437 0.000000 0.808543 1.000000 1.000000 1.000000
2838.707275 0.000000 1992.681274 0.000000 0.144542 0.000000 0.989499 1.000000 1.000000 1.000000
2838.136475 0.000000 1993.827515 0.000000 0.216520 0.000000 0.976278 1.000000 1.000000 1.000000
2837.305908 0.000000 1996.944946 0.000000 0.578278 0.000000 -0.815840 1.000000 1.000000 1.000000
"}
object={
	name="tree_cypress_01_generator_1_1"
	clamp_to_water_level=no
	render_under_water=no
	generated_content=yes
	layer="tree_high_layer"
	pdxmesh="tree_cypress_01_b_mesh"
	count=31
	transform="2809.967529 0.000000 1951.520264 0.000000 0.548166 0.000000 0.836369 1.000000 1.000000 1.000000
2808.907715 0.000000 1950.291992 0.000000 0.630858 0.000000 0.775898 1.000000 1.000000 1.000000
2807.642822 0.000000 2001.931641 0.000000 0.276982 0.000000 -0.960875 1.000000 1.000000 1.000000
2809.208984 0.000000 2010.800781 0.000000 0.785822 0.000000 -0.618453 1.000000 1.000000 1.000000
2807.135742 0.000000 1998.596924 0.000000 0.244493 0.000000 -0.969651 1.000000 1.000000 1.000000
2806.227539 0.000000 2010.230103 0.000000 0.867574 0.000000 -0.497309 1.000000 1.000000 1.000000
2807.719971 0.000000 2006.694458 0.000000 0.839197 0.000000 0.543827 1.000000 1.000000 1.000000
2831.114990 0.000000 1909.665527 0.000000 0.907822 0.000000 -0.419356 1.000000 1.000000 1.000000
2836.444824 0.000000 1906.714966 0.000000 0.986185 0.000000 -0.165647 1.000000 1.000000 1.000000
2832.249023 0.000000 1923.286011 0.000000 0.967432 0.000000 -0.253132 1.000000 1.000000 1.000000
2846.382568 0.000000 1963.725342 0.000000 0.494596 0.000000 0.869123 1.000000 1.000000 1.000000
2827.256592 0.000000 1961.112061 0.000000 0.905964 0.000000 -0.423354 1.000000 1.000000 1.000000
2827.439453 0.000000 1952.698730 0.000000 0.336599 0.000000 0.941648 1.000000 1.000000 1.000000
2823.670410 0.000000 1956.624512 0.000000 0.792108 0.000000 -0.610380 1.000000 1.000000 1.000000
2821.989502 0.000000 1959.384155 0.000000 0.992266 0.000000 0.124133 1.000000 1.000000 1.000000
2847.634277 0.000000 1959.437622 0.000000 0.954099 0.000000 -0.299491 1.000000 1.000000 1.000000
2822.040283 0.000000 1962.569580 0.000000 0.848738 0.000000 -0.528814 1.000000 1.000000 1.000000
2825.240967 0.000000 1941.439941 0.000000 0.993348 0.000000 -0.115152 1.000000 1.000000 1.000000
2827.486816 0.000000 1954.322998 0.000000 0.907634 0.000000 0.419762 1.000000 1.000000 1.000000
2829.938477 0.000000 1949.670288 0.000000 0.882282 0.000000 -0.470721 1.000000 1.000000 1.000000
2835.552002 0.000000 1924.556152 0.000000 0.263792 0.000000 0.964579 1.000000 1.000000 1.000000
2846.513184 0.000000 1960.487305 0.000000 0.459776 0.000000 0.888035 1.000000 1.000000 1.000000
2832.644775 0.000000 1941.179321 0.000000 0.777558 0.000000 -0.628812 1.000000 1.000000 1.000000
2832.585693 0.000000 1952.545654 0.000000 0.820281 0.000000 0.571961 1.000000 1.000000 1.000000
2825.202637 0.000000 1960.033569 0.000000 0.608245 0.000000 -0.793750 1.000000 1.000000 1.000000
2833.880615 0.000000 1952.878662 0.000000 0.346181 0.000000 0.938168 1.000000 1.000000 1.000000
2833.644531 0.000000 1924.676636 0.000000 0.999766 0.000000 -0.021610 1.000000 1.000000 1.000000
2831.894043 0.000000 1957.467041 0.000000 0.238673 0.000000 0.971100 1.000000 1.000000 1.000000
2839.945557 0.000000 1993.439209 0.000000 0.842556 0.000000 -0.538609 1.000000 1.000000 1.000000
2837.139893 0.000000 1997.988892 0.000000 0.998366 0.000000 0.057149 1.000000 1.000000 1.000000
2836.453369 0.000000 1996.101440 0.000000 0.991718 0.000000 0.128438 1.000000 1.000000 1.000000
"}
object={
	name="tree_cypress_01_generator_1_2"
	clamp_to_water_level=no
	render_under_water=no
	generated_content=yes
	layer="tree_high_layer"
	pdxmesh="tree_cypress_01_c_mesh"
	count=10
	transform="2806.022705 0.000000 2009.050049 0.000000 0.980594 0.000000 0.196049 1.000000 1.000000 1.000000
2806.232178 0.000000 2012.974976 0.000000 0.767056 0.000000 -0.641581 1.000000 1.000000 1.000000
2837.468018 0.000000 1904.861450 0.000000 0.996545 0.000000 0.083057 1.000000 1.000000 1.000000
2849.323730 0.000000 1960.399780 0.000000 0.385721 0.000000 -0.922616 1.000000 1.000000 1.000000
2826.051514 0.000000 1954.995117 0.000000 0.904713 0.000000 0.426021 1.000000 1.000000 1.000000
2846.694336 0.000000 1957.252563 0.000000 0.735173 0.000000 -0.677880 1.000000 1.000000 1.000000
2823.868896 0.000000 1958.209229 0.000000 0.972375 0.000000 -0.233423 1.000000 1.000000 1.000000
2832.113770 0.000000 1959.513062 0.000000 0.819515 0.000000 -0.573058 1.000000 1.000000 1.000000
2834.775879 0.000000 2002.862915 0.000000 0.998207 0.000000 0.059858 1.000000 1.000000 1.000000
2837.345703 0.000000 2005.023560 0.000000 0.997318 0.000000 -0.073189 1.000000 1.000000 1.000000
"}
