object={
	name="tree_pine_impassable_01_a_generator_1_0"
	clamp_to_water_level=no
	render_under_water=no
	generated_content=yes
	layer="tree_high_layer"
	pdxmesh="tree_pine_impassable_01_a_mesh"
	count=194
	transform="1016.523010 0.000000 2867.666748 0.000000 0.998394 0.000000 0.056655 0.400000 0.400000 0.400000
982.856323 0.000000 2846.744385 0.000000 0.999821 0.000000 0.018911 0.400000 0.400000 0.400000
1011.579712 0.000000 2852.146973 0.000000 0.911290 0.000000 -0.411765 0.400000 0.400000 0.400000
965.444397 0.000000 2873.868408 0.000000 0.837018 0.000000 -0.547176 0.400000 0.400000 0.400000
1020.340393 0.000000 2859.122070 0.000000 0.336912 0.000000 -0.941536 0.400000 0.400000 0.400000
1012.556335 0.000000 2861.631836 0.000000 0.975724 0.000000 0.219006 0.400000 0.400000 0.400000
965.135620 0.000000 2853.344727 0.000000 0.903864 0.000000 -0.427820 0.400000 0.400000 0.400000
1022.050049 0.000000 2866.398682 0.000000 0.787572 0.000000 0.616223 0.400000 0.400000 0.400000
964.140259 0.000000 2862.673584 0.000000 0.550805 0.000000 -0.834634 0.400000 0.400000 0.400000
968.049377 0.000000 2849.495850 0.000000 0.744568 0.000000 -0.667547 0.400000 0.400000 0.400000
987.451416 0.000000 2847.562744 0.000000 0.620874 0.000000 0.783911 0.400000 0.400000 0.400000
1023.471924 0.000000 2862.162842 0.000000 0.583373 0.000000 -0.812204 0.400000 0.400000 0.400000
992.969177 0.000000 2847.571777 0.000000 0.568591 0.000000 -0.822621 0.400000 0.400000 0.400000
979.431274 0.000000 2849.439697 0.000000 0.352196 0.000000 -0.935926 0.400000 0.400000 0.400000
971.666138 0.000000 2848.479980 0.000000 0.377559 0.000000 0.925985 0.400000 0.400000 0.400000
968.788696 0.000000 2873.959229 0.000000 0.824733 0.000000 0.565522 0.400000 0.400000 0.400000
1004.247498 0.000000 2848.384766 0.000000 0.447548 0.000000 -0.894260 0.400000 0.400000 0.400000
1012.250122 0.000000 2873.128174 0.000000 0.999963 0.000000 -0.008609 0.400000 0.400000 0.400000
1021.469971 0.000000 2848.394775 0.000000 0.934842 0.000000 -0.355063 0.400000 0.400000 0.400000
1020.761169 0.000000 2868.774658 0.000000 0.510054 0.000000 0.860142 0.400000 0.400000 0.400000
961.832764 0.000000 2874.473145 0.000000 0.708869 0.000000 0.705341 0.400000 0.400000 0.400000
1015.872559 0.000000 2875.613525 0.000000 0.871965 0.000000 -0.489569 0.400000 0.400000 0.400000
976.098694 0.000000 2874.941162 0.000000 0.728210 0.000000 0.685355 0.400000 0.400000 0.400000
1009.707947 0.000000 2872.251953 0.000000 0.816180 0.000000 -0.577797 0.400000 0.400000 0.400000
1003.260742 0.000000 2860.266113 0.000000 0.002275 0.000000 0.999997 0.400000 0.400000 0.400000
950.943848 0.000000 2880.049072 0.000000 0.971863 0.000000 -0.235547 0.400000 0.400000 0.400000
954.301392 0.000000 2892.822266 0.000000 0.149979 0.000000 -0.988689 0.400000 0.400000 0.400000
957.671875 0.000000 2895.762939 0.000000 0.233464 0.000000 -0.972365 0.400000 0.400000 0.400000
982.856323 0.000000 2910.728760 0.000000 0.976372 0.000000 -0.216098 0.400000 0.400000 0.400000
976.088623 0.000000 2905.884521 0.000000 0.182659 0.000000 0.983176 0.400000 0.400000 0.400000
962.227661 0.000000 2899.875244 0.000000 0.345948 0.000000 0.938254 0.400000 0.400000 0.400000
1019.067139 0.000000 2934.858154 0.000000 0.764650 0.000000 -0.644445 0.400000 0.400000 0.400000
1008.056885 0.000000 2918.745605 0.000000 0.870804 0.000000 -0.491631 0.400000 0.400000 0.400000
1019.030029 0.000000 2930.023193 0.000000 0.711220 0.000000 -0.702970 0.400000 0.400000 0.400000
978.720093 0.000000 2904.187744 0.000000 0.934109 0.000000 0.356988 0.400000 0.400000 0.400000
1014.473450 0.000000 2921.056885 0.000000 0.831563 0.000000 0.555431 0.400000 0.400000 0.400000
1040.315918 0.000000 2860.670654 0.000000 0.294635 0.000000 -0.955610 0.400000 0.400000 0.400000
1047.545898 0.000000 2865.728027 0.000000 0.079538 0.000000 0.996832 0.400000 0.400000 0.400000
1039.458252 0.000000 2848.261475 0.000000 0.090986 0.000000 0.995852 0.400000 0.400000 0.400000
1041.956299 0.000000 2867.756592 0.000000 0.246720 0.000000 -0.969087 0.400000 0.400000 0.400000
1058.308228 0.000000 2867.307373 0.000000 0.422424 0.000000 -0.906398 0.400000 0.400000 0.400000
1045.645630 0.000000 2869.658691 0.000000 0.873441 0.000000 -0.486931 0.400000 0.400000 0.400000
1065.568115 0.000000 2870.872559 0.000000 0.913144 0.000000 0.407638 0.400000 0.400000 0.400000
1050.820923 0.000000 2864.813721 0.000000 0.984453 0.000000 0.175646 0.400000 0.400000 0.400000
1023.949829 0.000000 2846.387939 0.000000 0.563046 0.000000 -0.826426 0.400000 0.400000 0.400000
1040.886108 0.000000 2864.895020 0.000000 0.869603 0.000000 -0.493752 0.400000 0.400000 0.400000
1085.097900 0.000000 2873.101562 0.000000 0.110513 0.000000 -0.993875 0.400000 0.400000 0.400000
1043.999512 0.000000 2871.778320 0.000000 0.044825 0.000000 -0.998995 0.400000 0.400000 0.400000
1139.564087 0.000000 2852.146973 0.000000 0.821713 0.000000 0.569901 0.400000 0.400000 0.400000
1148.324829 0.000000 2859.122070 0.000000 0.986549 0.000000 0.163467 0.400000 0.400000 0.400000
1134.005005 0.000000 2845.598877 0.000000 0.329922 0.000000 -0.944008 0.400000 0.400000 0.400000
1116.371460 0.000000 2878.285889 0.000000 0.279108 0.000000 -0.960260 0.400000 0.400000 0.400000
1118.583008 0.000000 2851.121338 0.000000 0.582425 0.000000 0.812885 0.400000 0.400000 0.400000
1125.851196 0.000000 2872.737305 0.000000 0.997308 0.000000 -0.073325 0.400000 0.400000 0.400000
1129.026001 0.000000 2845.467285 0.000000 0.923606 0.000000 0.383342 0.400000 0.400000 0.400000
1118.593628 0.000000 2859.506592 0.000000 0.896686 0.000000 0.442667 0.400000 0.400000 0.400000
1125.154053 0.000000 2844.352295 0.000000 0.864194 0.000000 -0.503159 0.400000 0.400000 0.400000
1144.155396 0.000000 2859.070557 0.000000 0.323596 0.000000 -0.946195 0.400000 0.400000 0.400000
1121.612305 0.000000 2862.265625 0.000000 0.527631 0.000000 0.849473 0.400000 0.400000 0.400000
1124.019165 0.000000 2864.286865 0.000000 0.317008 0.000000 -0.948423 0.400000 0.400000 0.400000
1118.727661 0.000000 2876.282227 0.000000 0.665593 0.000000 -0.746315 0.400000 0.400000 0.400000
1133.162354 0.000000 2864.750977 0.000000 0.939049 0.000000 -0.343784 0.400000 0.400000 0.400000
1136.486816 0.000000 2857.329102 0.000000 0.517222 0.000000 -0.855851 0.400000 0.400000 0.400000
1064.196533 0.000000 2941.237549 0.000000 0.975898 0.000000 0.218228 0.400000 0.400000 0.400000
1084.332642 0.000000 2923.106445 0.000000 0.891990 0.000000 -0.452056 0.400000 0.400000 0.400000
1086.042236 0.000000 2930.383057 0.000000 0.898428 0.000000 -0.439121 0.400000 0.400000 0.400000
1034.236816 0.000000 2940.994873 0.000000 0.915756 0.000000 -0.401735 0.400000 0.400000 0.400000
1087.233765 0.000000 2935.366699 0.000000 0.910332 0.000000 -0.413878 0.400000 0.400000 0.400000
1049.071045 0.000000 2939.381592 0.000000 0.746100 0.000000 -0.665834 0.400000 0.400000 0.400000
1080.163086 0.000000 2923.054932 0.000000 0.151170 0.000000 0.988508 0.400000 0.400000 0.400000
1027.360229 0.000000 2940.598389 0.000000 0.521829 0.000000 -0.853050 0.400000 0.400000 0.400000
1071.583252 0.000000 2941.498047 0.000000 0.985839 0.000000 -0.167694 0.400000 0.400000 0.400000
1031.128052 0.000000 2940.593506 0.000000 0.181168 0.000000 -0.983452 0.400000 0.400000 0.400000
1084.766602 0.000000 2927.620605 0.000000 0.984733 0.000000 0.174072 0.400000 0.400000 0.400000
1046.996948 0.000000 2936.372070 0.000000 0.999824 0.000000 0.018773 0.400000 0.400000 0.400000
1089.843140 0.000000 2922.308350 0.000000 0.013651 0.000000 -0.999907 0.400000 0.400000 0.400000
1112.882568 0.000000 2901.629150 0.000000 0.770838 0.000000 -0.637031 0.400000 0.400000 0.400000
1133.756470 0.000000 2922.597412 0.000000 0.556161 0.000000 0.831075 0.400000 0.400000 0.400000
1129.408813 0.000000 2895.708984 0.000000 0.658736 0.000000 0.752374 0.400000 0.400000 0.400000
1121.534668 0.000000 2920.165527 0.000000 0.990882 0.000000 0.134731 0.400000 0.400000 0.400000
1111.348755 0.000000 2884.599854 0.000000 0.939109 0.000000 -0.343620 0.400000 0.400000 0.400000
1124.156250 0.000000 2895.846924 0.000000 0.687986 0.000000 -0.725724 0.400000 0.400000 0.400000
1117.437256 0.000000 2902.930176 0.000000 0.929323 0.000000 -0.369267 0.400000 0.400000 0.400000
1129.226318 0.000000 2922.820557 0.000000 0.674945 0.000000 0.737868 0.400000 0.400000 0.400000
1118.593628 0.000000 2923.490967 0.000000 0.530024 0.000000 0.847983 0.400000 0.400000 0.400000
1117.493042 0.000000 2898.710938 0.000000 0.581127 0.000000 -0.813813 0.400000 0.400000 0.400000
1137.296021 0.000000 2923.802490 0.000000 0.983654 0.000000 -0.180070 0.400000 0.400000 0.400000
1115.195923 0.000000 2891.189453 0.000000 0.896371 0.000000 0.443304 0.400000 0.400000 0.400000
1108.230957 0.000000 2882.927490 0.000000 0.999833 0.000000 0.018268 0.400000 0.400000 0.400000
1102.274658 0.000000 2880.864990 0.000000 0.995289 0.000000 -0.096949 0.400000 0.400000 0.400000
1112.386597 0.000000 2904.610840 0.000000 0.947968 0.000000 0.318366 0.400000 0.400000 0.400000
1146.730957 0.000000 2899.641113 0.000000 0.007519 0.000000 -0.999972 0.400000 0.400000 0.400000
1112.318115 0.000000 2891.766846 0.000000 0.067576 0.000000 0.997714 0.400000 0.400000 0.400000
1153.835327 0.000000 2858.323975 0.000000 0.965041 0.000000 -0.262099 0.400000 0.400000 0.400000
1192.181030 0.000000 2877.253174 0.000000 0.254967 0.000000 -0.966950 0.400000 0.400000 0.400000
1165.287109 0.000000 2871.760498 0.000000 0.996389 0.000000 0.084905 0.400000 0.400000 0.400000
1186.110352 0.000000 2876.465576 0.000000 0.987121 0.000000 0.159977 0.400000 0.400000 0.400000
1168.232178 0.000000 2877.453857 0.000000 0.171092 0.000000 -0.985255 0.400000 0.400000 0.400000
1165.843140 0.000000 2864.971924 0.000000 0.825326 0.000000 -0.564656 0.400000 0.400000 0.400000
1164.367676 0.000000 2868.201904 0.000000 0.721451 0.000000 0.692465 0.400000 0.400000 0.400000
1202.712524 0.000000 2879.287598 0.000000 0.995065 0.000000 -0.099229 0.400000 0.400000 0.400000
1159.112427 0.000000 2876.609131 0.000000 0.999838 0.000000 -0.018001 0.400000 0.400000 0.400000
1171.332397 0.000000 2877.158203 0.000000 0.967757 0.000000 -0.251884 0.400000 0.400000 0.400000
1182.719849 0.000000 2876.282227 0.000000 0.948080 0.000000 0.318033 0.400000 0.400000 0.400000
1189.193115 0.000000 2876.742188 0.000000 0.926511 0.000000 -0.376267 0.400000 0.400000 0.400000
1162.742798 0.000000 2872.384521 0.000000 0.942891 0.000000 0.333103 0.400000 0.400000 0.400000
1210.270142 0.000000 2892.822266 0.000000 0.740368 0.000000 -0.672201 0.400000 0.400000 0.400000
1189.207397 0.000000 2912.427246 0.000000 0.000344 0.000000 1.000000 0.400000 0.400000 0.400000
1207.231201 0.000000 2899.823242 0.000000 0.926100 0.000000 -0.377279 0.400000 0.400000 0.400000
1182.575195 0.000000 2915.105713 0.000000 0.342135 0.000000 0.939651 0.400000 0.400000 0.400000
1211.523804 0.000000 2885.674316 0.000000 0.920432 0.000000 -0.390902 0.400000 0.400000 0.400000
1154.204346 0.000000 2899.875244 0.000000 0.013910 0.000000 -0.999903 0.400000 0.400000 0.400000
1167.228027 0.000000 2919.956787 0.000000 0.567548 0.000000 0.823341 0.400000 0.400000 0.400000
1205.972046 0.000000 2895.077881 0.000000 0.193651 0.000000 -0.981070 0.400000 0.400000 0.400000
1213.873779 0.000000 2889.564697 0.000000 0.593260 0.000000 -0.805011 0.400000 0.400000 0.400000
1197.280273 0.000000 2905.166992 0.000000 0.635737 0.000000 -0.771905 0.400000 0.400000 0.400000
1213.640625 0.000000 2895.762939 0.000000 0.751264 0.000000 0.660001 0.400000 0.400000 0.400000
1206.555420 0.000000 2890.560791 0.000000 0.983619 0.000000 0.180260 0.400000 0.400000 0.400000
1209.962280 0.000000 2897.088379 0.000000 0.565000 0.000000 -0.825091 0.400000 0.400000 0.400000
1163.459839 0.000000 2920.877686 0.000000 0.748322 0.000000 -0.663336 0.400000 0.400000 0.400000
1167.641724 0.000000 2916.195312 0.000000 0.998872 0.000000 0.047495 0.400000 0.400000 0.400000
1208.366699 0.000000 2887.490234 0.000000 0.109281 0.000000 0.994011 0.400000 0.400000 0.400000
1202.868164 0.000000 2889.468750 0.000000 0.768388 0.000000 0.639984 0.400000 0.400000 0.400000
1174.077881 0.000000 2915.564941 0.000000 0.115481 0.000000 -0.993310 0.400000 0.400000 0.400000
1204.072510 0.000000 2901.026123 0.000000 0.531408 0.000000 -0.847116 0.400000 0.400000 0.400000
1161.006714 0.000000 2896.494873 0.000000 0.005163 0.000000 0.999987 0.400000 0.400000 0.400000
1203.800171 0.000000 2879.733643 0.000000 0.123102 0.000000 0.992394 0.400000 0.400000 0.400000
1210.839600 0.000000 2889.850098 0.000000 0.916288 0.000000 0.400520 0.400000 0.400000 0.400000
1194.436768 0.000000 2906.733154 0.000000 0.945527 0.000000 -0.325544 0.400000 0.400000 0.400000
1165.777588 0.000000 2896.881592 0.000000 0.505236 0.000000 0.862981 0.400000 0.400000 0.400000
1176.689209 0.000000 2912.968018 0.000000 0.547741 0.000000 -0.836648 0.400000 0.400000 0.400000
1204.464233 0.000000 2892.576416 0.000000 0.988348 0.000000 -0.152209 0.400000 0.400000 0.400000
1187.399536 0.000000 2910.540527 0.000000 0.689040 0.000000 -0.724724 0.400000 0.400000 0.400000
1207.683960 0.000000 2892.988770 0.000000 0.451146 0.000000 0.892450 0.400000 0.400000 0.400000
1205.533325 0.000000 2897.706299 0.000000 0.904678 0.000000 -0.426096 0.400000 0.400000 0.400000
1202.321777 0.000000 2902.846680 0.000000 0.694799 0.000000 -0.719204 0.400000 0.400000 0.400000
1165.428101 0.000000 2918.248047 0.000000 0.059189 0.000000 -0.998247 0.400000 0.400000 0.400000
1170.048828 0.000000 2915.498535 0.000000 0.980387 0.000000 -0.197083 0.400000 0.400000 0.400000
1177.563965 0.000000 2999.072998 0.000000 0.002554 0.000000 0.999997 0.400000 0.400000 0.400000
1174.342773 0.000000 3005.988770 0.000000 0.995965 0.000000 0.089737 0.400000 0.400000 0.400000
1163.241089 0.000000 3008.052490 0.000000 0.021360 0.000000 0.999772 0.400000 0.400000 0.400000
1161.534668 0.000000 3017.510986 0.000000 0.955751 0.000000 -0.294178 0.400000 0.400000 0.400000
1168.452271 0.000000 3011.020264 0.000000 0.465189 0.000000 0.885211 0.400000 0.400000 0.400000
1163.717285 0.000000 3022.694336 0.000000 0.849700 0.000000 -0.527266 0.400000 0.400000 0.400000
1166.598877 0.000000 3018.430664 0.000000 0.443917 0.000000 0.896068 0.400000 0.400000 0.400000
1167.901367 0.000000 3014.821533 0.000000 0.868966 0.000000 -0.494873 0.400000 0.400000 0.400000
1172.223145 0.000000 3010.896240 0.000000 0.717146 0.000000 0.696923 0.400000 0.400000 0.400000
1167.015259 0.000000 3021.895020 0.000000 0.833687 0.000000 -0.552238 0.400000 0.400000 0.400000
1164.345215 0.000000 3016.133057 0.000000 0.937685 0.000000 0.347487 0.400000 0.400000 0.400000
1163.738525 0.000000 3019.550049 0.000000 0.309223 0.000000 -0.950989 0.400000 0.400000 0.400000
1170.599976 0.000000 3013.308594 0.000000 0.113100 0.000000 -0.993584 0.400000 0.400000 0.400000
1166.407349 0.000000 3012.527100 0.000000 0.219312 0.000000 -0.975655 0.400000 0.400000 0.400000
5367.992188 0.000000 3251.572998 0.000000 0.263569 0.000000 0.964640 0.400000 0.400000 0.400000
5371.902832 0.000000 3259.939453 0.000000 0.385872 0.000000 -0.922552 0.400000 0.400000 0.400000
5362.527832 0.000000 3253.784180 0.000000 0.688222 0.000000 -0.725500 0.400000 0.400000 0.400000
5367.006348 0.000000 3256.969238 0.000000 0.785917 0.000000 0.618332 0.400000 0.400000 0.400000
5363.222656 0.000000 3240.925293 0.000000 0.766844 0.000000 0.641834 0.400000 0.400000 0.400000
5370.536133 0.000000 3254.780029 0.000000 0.816989 0.000000 0.576653 0.400000 0.400000 0.400000
5359.525879 0.000000 3238.667480 0.000000 0.582065 0.000000 -0.813142 0.400000 0.400000 0.400000
5363.860840 0.000000 3249.764404 0.000000 0.806806 0.000000 -0.590816 0.400000 0.400000 0.400000
5360.780762 0.000000 3243.724365 0.000000 0.756420 0.000000 -0.654086 0.400000 0.400000 0.400000
5365.721680 0.000000 3253.993896 0.000000 0.974963 0.000000 0.222366 0.400000 0.400000 0.400000
5374.306641 0.000000 3261.873779 0.000000 0.580994 0.000000 0.813908 0.400000 0.400000 0.400000
5359.971680 0.000000 3241.235352 0.000000 0.930390 0.000000 0.366572 0.400000 0.400000 0.400000
5364.595703 0.000000 3243.072021 0.000000 0.992899 0.000000 -0.118961 0.400000 0.400000 0.400000
5372.999512 0.000000 3264.009766 0.000000 0.918076 0.000000 -0.396403 0.400000 0.400000 0.400000
5375.446289 0.000000 3260.290283 0.000000 0.993556 0.000000 0.113343 0.400000 0.400000 0.400000
5376.846191 0.000000 3279.059570 0.000000 0.994931 0.000000 0.100561 0.400000 0.400000 0.400000
5398.317871 0.000000 3294.635010 0.000000 0.898340 0.000000 -0.439301 0.400000 0.400000 0.400000
5375.716797 0.000000 3266.496338 0.000000 0.988260 0.000000 -0.152780 0.400000 0.400000 0.400000
5402.313965 0.000000 3305.008545 0.000000 0.310934 0.000000 -0.950431 0.400000 0.400000 0.400000
5391.549805 0.000000 3289.790771 0.000000 0.828826 0.000000 0.559507 0.400000 0.400000 0.400000
5384.145508 0.000000 3283.531250 0.000000 0.471557 0.000000 -0.881836 0.400000 0.400000 0.400000
5406.042969 0.000000 3311.870361 0.000000 0.847981 0.000000 0.530027 0.400000 0.400000 0.400000
5377.661621 0.000000 3272.665039 0.000000 0.501779 0.000000 0.864996 0.400000 0.400000 0.400000
5400.751465 0.000000 3299.933838 0.000000 0.101964 0.000000 0.994788 0.400000 0.400000 0.400000
5382.168945 0.000000 3278.106689 0.000000 0.198258 0.000000 -0.980150 0.400000 0.400000 0.400000
5388.942383 0.000000 3283.986572 0.000000 0.975318 0.000000 -0.220805 0.400000 0.400000 0.400000
5401.597168 0.000000 3309.588623 0.000000 0.999722 0.000000 0.023562 0.400000 0.400000 0.400000
5406.070801 0.000000 3307.397217 0.000000 0.219178 0.000000 0.975685 0.400000 0.400000 0.400000
5394.293457 0.000000 3293.045898 0.000000 0.960806 0.000000 0.277220 0.400000 0.400000 0.400000
5391.952637 0.000000 3286.223389 0.000000 0.332493 0.000000 0.943106 0.400000 0.400000 0.400000
5375.368652 0.000000 3269.886963 0.000000 0.351109 0.000000 -0.936335 0.400000 0.400000 0.400000
5378.689453 0.000000 3276.265869 0.000000 0.999988 0.000000 0.004977 0.400000 0.400000 0.400000
5384.491211 0.000000 3280.401123 0.000000 0.196963 0.000000 -0.980411 0.400000 0.400000 0.400000
5389.262207 0.000000 3280.787842 0.000000 0.974382 0.000000 -0.224899 0.400000 0.400000 0.400000
5389.387207 0.000000 3287.766113 0.000000 0.125898 0.000000 0.992043 0.400000 0.400000 0.400000
5394.181641 0.000000 3288.093994 0.000000 0.993689 0.000000 -0.112166 0.400000 0.400000 0.400000
5403.638184 0.000000 3300.534424 0.000000 0.976416 0.000000 -0.215898 0.400000 0.400000 0.400000
5384.485352 0.000000 3276.295166 0.000000 0.329454 0.000000 0.944172 0.400000 0.400000 0.400000
5386.740723 0.000000 3281.998535 0.000000 0.783297 0.000000 0.621648 0.400000 0.400000 0.400000
5400.870117 0.000000 3302.684326 0.000000 0.861324 0.000000 0.508056 0.400000 0.400000 0.400000
5404.520508 0.000000 3309.506592 0.000000 0.598271 0.000000 0.801294 0.400000 0.400000 0.400000
5403.520996 0.000000 3307.204346 0.000000 0.643799 0.000000 -0.765195 0.400000 0.400000 0.400000
"}
