object={
	name="amb_3D_desert_emitter"
	clamp_to_water_level=no
	render_under_water=no
	generated_content=no
	layer="building_layer"
	entity="map_ambient_3D_desert"
	count=0
}
object={
	name="amb_3D_field_emitter"
	clamp_to_water_level=no
	render_under_water=no
	generated_content=no
	layer="building_layer"
	entity="map_ambient_3D_field"
	count=0
}
object={
	name="amb_3D_forest_emitter"
	clamp_to_water_level=no
	render_under_water=no
	generated_content=no
	layer="building_layer"
	entity="map_ambient_3D_forest"
	count=4
	transform="265.859161 0.000000 3960.918457 0.000000 0.000000 0.000000 1.000000 1.000000 1.000000 1.000000
257.013885 0.000000 3858.121094 0.000000 0.000000 0.000000 1.000000 1.000000 1.000000 1.000000
352.222504 0.000000 3906.693604 0.000000 0.000000 0.000000 1.000000 1.000000 1.000000 1.000000
474.313416 0.000000 3932.980713 0.000000 0.000000 0.000000 1.000000 1.000000 1.000000 1.000000
"}
object={
	name="amb_3D_mountain_emitter"
	clamp_to_water_level=no
	render_under_water=no
	generated_content=no
	layer="building_layer"
	entity="map_ambient_3D_mountain"
	count=1
	transform="392.385620 0.000000 3856.948730 0.000000 0.000000 0.000000 1.000000 1.000000 1.000000 1.000000
"}
object={
	name="amb_3D_ocean_emitter"
	clamp_to_water_level=yes
	render_under_water=no
	generated_content=no
	layer="building_layer"
	entity="map_ambient_3D_ocean"
	count=29
	transform="22.893209 0.000000 -1.179398 0.000000 0.000000 0.000000 1.000000 1.000000 1.000000 1.000000
280.199890 0.000000 7.701492 0.000000 0.000000 0.000000 1.000000 1.000000 1.000000 1.000000
0.365933 0.000000 236.069489 0.000000 0.000000 0.000000 1.000000 1.000000 1.000000 1.000000
0.544248 0.000000 473.197632 0.000000 0.000000 0.000000 1.000000 1.000000 1.000000 1.000000
0.544248 0.000000 834.552551 0.000000 0.000000 0.000000 1.000000 1.000000 1.000000 1.000000
0.544248 0.000000 1193.799805 0.000000 0.000000 0.000000 1.000000 1.000000 1.000000 1.000000
0.544248 0.000000 1432.332153 0.000000 0.000000 0.000000 1.000000 1.000000 1.000000 1.000000
0.544248 0.000000 1673.918945 0.000000 0.000000 0.000000 1.000000 1.000000 1.000000 1.000000
0.196631 0.000000 3957.281006 0.000000 0.000000 0.000000 1.000000 1.000000 1.000000 1.000000
7.996634 0.000000 4090.304199 0.000000 0.000000 0.000000 1.000000 1.000000 1.000000 1.000000
183.499481 0.000000 3985.424805 0.000000 0.000000 0.000000 1.000000 1.000000 1.000000 1.000000
141.348892 0.000000 3841.783203 0.000000 0.000000 0.000000 1.000000 1.000000 1.000000 1.000000
339.404297 0.000000 4009.468262 0.000000 0.000000 0.000000 1.000000 1.000000 1.000000 1.000000
613.621765 0.000000 4007.229736 0.000000 0.000000 0.000000 1.000000 1.000000 1.000000 1.000000
889.671509 0.000000 4008.656250 0.000000 0.000000 0.000000 1.000000 1.000000 1.000000 1.000000
1164.062622 0.000000 4008.655762 0.000000 0.000000 0.000000 1.000000 1.000000 1.000000 1.000000
1425.270020 0.000000 4008.655762 0.000000 0.000000 0.000000 1.000000 1.000000 1.000000 1.000000
1491.453979 0.000000 3851.178223 0.000000 0.000000 0.000000 1.000000 1.000000 1.000000 1.000000
1236.217163 0.000000 3858.774414 0.000000 0.000000 0.000000 1.000000 1.000000 1.000000 1.000000
973.958496 0.000000 3858.774414 0.000000 0.000000 0.000000 1.000000 1.000000 1.000000 1.000000
727.875916 0.000000 3858.774414 0.000000 0.000000 0.000000 1.000000 1.000000 1.000000 1.000000
1625.971191 0.000000 3856.532715 0.000000 0.000000 0.000000 1.000000 1.000000 1.000000 1.000000
1691.522827 0.000000 4008.706543 0.000000 0.000000 0.000000 1.000000 1.000000 1.000000 1.000000
2139.281250 0.000000 4089.466553 0.000000 0.000000 0.000000 1.000000 1.000000 1.000000 1.000000
161.945633 0.000000 4081.462158 0.000000 0.000000 0.000000 1.000000 1.000000 1.000000 1.000000
5601.639160 0.000000 6.906136 0.000000 0.000000 0.000000 1.000000 1.000000 1.000000 1.000000
5711.700195 0.000000 11.215096 0.000000 0.000000 0.000000 1.000000 1.000000 1.000000 1.000000
1298.928833 0.000000 4094.819824 0.000000 0.000000 0.000000 1.000000 1.000000 1.000000 1.000000
1570.918579 0.000000 4080.102539 0.000000 0.000000 0.000000 1.000000 1.000000 1.000000 1.000000
"}
object={
	name="amb_3D_river_emitter"
	clamp_to_water_level=no
	render_under_water=no
	generated_content=no
	layer="building_layer"
	entity="map_ambient_3D_river"
	count=1
	transform="1529.963501 0.000000 92.631348 0.000000 0.000000 0.000000 1.000000 1.000000 1.000000 1.000000
"}
