object={
	name="env_coast_foam_l"
	clamp_to_water_level=yes
	render_under_water=yes
	generated_content=no
	layer="coast_foam_layer"
	entity="env_coast_foam_l"
	count=2
	transform="5383.392578 -0.035767 1950.386353 0.000000 0.090392 0.000000 0.995906 1.002600 1.002600 1.002600
5356.397949 -0.035767 1854.280273 0.000000 -0.651480 0.000000 0.758666 1.002600 1.002600 1.002600
"}
object={
	name="env_coast_foam_m"
	clamp_to_water_level=yes
	render_under_water=yes
	generated_content=no
	layer="coast_foam_layer"
	entity="env_coast_foam_m"
	count=2
	transform="6299.024902 -0.028931 1675.709961 0.000000 -0.972802 0.000000 0.231637 1.000000 1.000000 1.000000
6300.724121 -0.028931 1676.769165 0.000000 0.158990 0.000000 0.987280 1.000000 1.000000 1.000000
"}
object={
	name="env_coast_foam_s"
	clamp_to_water_level=yes
	render_under_water=yes
	generated_content=no
	layer="coast_foam_layer"
	entity="env_coast_foam_s"
	count=6
	transform="6319.428223 -0.149048 1678.472900 0.000000 0.089541 0.000000 0.995983 1.000000 1.000000 1.000000
3403.164551 -0.031738 2740.207764 0.000000 -0.962765 0.000000 -0.270341 1.000000 1.000000 1.000000
3398.620117 -0.031738 2732.528809 0.000000 -0.937917 0.000000 -0.346861 1.000000 1.000000 1.000000
3399.511719 -0.850586 2729.437744 0.000000 -0.641555 0.000000 -0.767077 1.000000 1.000000 1.000000
3379.824707 -0.101318 2707.876221 0.000000 -0.862466 0.000000 -0.506115 1.000000 1.000000 1.000000
3386.732666 -0.101318 2714.853027 0.000000 -0.915455 0.000000 -0.402420 1.000000 1.000000 1.000000
"}
