object={
	name="env_desert_ambient_close"
	clamp_to_water_level=yes
	render_under_water=no
	generated_content=no
	layer="env_effect_layer"
	entity="env_desert_plains_ambient"
	count=0
}
object={
	name="env_desert_mountains"
	clamp_to_water_level=yes
	render_under_water=no
	generated_content=no
	layer="env_effect_mountains_layer"
	entity="env_desert_mountains"
	count=0
}
object={
	name="env_desert_plains"
	clamp_to_water_level=yes
	render_under_water=no
	generated_content=no
	layer="env_effect_layer"
	entity="env_desert_plains"
	count=0
}
object={
	name="env_desert_plains_ambient"
	clamp_to_water_level=yes
	render_under_water=no
	generated_content=no
	layer="env_effect_layer"
	entity="env_desert_plains_ambient"
	count=0
}
object={
	name="env_forest_mountains"
	clamp_to_water_level=yes
	render_under_water=no
	generated_content=no
	layer="env_effect_mountains_layer"
	entity="env_mist_sun"
	count=0
}
object={
	name="env_mist_forest"
	clamp_to_water_level=yes
	render_under_water=no
	generated_content=no
	layer="env_effect_layer"
	entity="env_sea_fog_large"
	count=30
	transform="5607.774414 0.000000 1818.799561 0.000000 0.086683 0.000000 0.996236 1.000000 1.000000 1.000000
5524.423340 0.000000 1685.019409 0.000000 0.043626 0.000000 0.999048 2.056152 2.056152 2.056152
5322.504395 0.000000 1856.948242 0.000000 0.366386 0.000000 0.930463 1.000000 1.000000 1.000000
5275.500977 0.000000 1897.211060 0.000000 0.000000 0.000000 1.000000 1.000000 1.000000 1.000000
5340.380859 0.000000 1884.697266 0.000000 0.000000 0.000000 1.000000 1.000000 1.000000 1.000000
5428.263672 0.000000 1908.506348 0.000000 0.000000 0.000000 1.000000 1.000000 1.000000 1.000000
5345.256836 0.000000 1949.305908 0.000000 0.000000 0.000000 1.000000 1.000000 1.000000 1.000000
5527.475098 0.000000 1839.503540 0.000000 0.000000 0.000000 1.000000 1.000000 1.000000 1.000000
5498.613770 0.000000 1851.427734 0.000000 0.000000 0.000000 1.000000 1.000000 1.000000 1.000000
5606.717773 0.000000 1815.723145 0.000000 0.000000 0.000000 1.000000 1.000000 1.000000 1.000000
5394.584473 0.000000 1827.908569 0.000000 0.000000 0.000000 1.000000 1.000000 1.000000 1.000000
5409.460938 0.000000 1913.481079 0.000000 0.000000 0.000000 1.000000 1.000000 1.000000 1.000000
5382.336914 0.000000 1847.671509 0.000000 0.000000 0.000000 1.000000 1.000000 1.000000 1.000000
5375.950195 0.000000 1780.595581 0.000000 0.000000 0.000000 1.000000 1.000000 1.000000 1.000000
5291.735840 0.000000 1761.610474 0.000000 0.000000 0.000000 1.000000 1.000000 1.000000 1.000000
5393.916504 0.000000 1710.350830 0.000000 0.000000 0.000000 1.000000 1.000000 1.000000 1.000000
5409.729492 0.000000 1694.880249 0.000000 0.000000 0.000000 1.000000 1.000000 1.000000 1.000000
5524.895996 0.000000 1669.847900 0.000000 0.000000 0.000000 1.000000 1.000000 1.000000 1.000000
5468.374023 0.000000 1700.082275 0.000000 0.000000 0.000000 1.000000 1.000000 1.000000 1.000000
5528.938477 0.000000 1694.273193 0.000000 0.000000 0.000000 1.000000 1.000000 1.000000 1.000000
5324.987305 0.000000 1682.750854 0.000000 0.000000 0.000000 1.000000 1.000000 1.000000 1.000000
5260.767090 0.000000 1783.252808 0.000000 0.000000 0.000000 1.000000 1.000000 1.000000 1.000000
5173.329590 0.000000 1805.551636 0.000000 0.000000 0.000000 1.000000 1.000000 1.000000 1.000000
5081.712402 0.000000 1815.211426 0.000000 0.000000 0.000000 1.000000 1.000000 1.000000 1.000000
5025.138184 0.000000 1818.192993 0.000000 0.000000 0.000000 1.000000 1.000000 1.000000 1.000000
4983.784180 0.000000 1839.357666 0.000000 0.000000 0.000000 1.000000 1.000000 1.000000 1.000000
4957.322754 0.000000 1839.511108 0.000000 0.000000 0.000000 1.000000 1.000000 1.000000 1.000000
5035.500977 0.000000 1826.716431 0.000000 0.000000 0.000000 1.000000 1.000000 1.000000 1.000000
5268.623535 0.000000 1899.177368 0.000000 0.000000 0.000000 1.000000 1.000000 1.000000 1.000000
5416.469727 0.000000 1938.815918 0.000000 0.000000 0.000000 1.000000 1.000000 1.000000 1.000000
"}
object={
	name="env_snow_mountains"
	clamp_to_water_level=yes
	render_under_water=no
	generated_content=no
	layer="env_effect_mountains_layer"
	entity="env_snow_mountains"
	count=0
}
object={
	name="env_snow_plains"
	clamp_to_water_level=yes
	render_under_water=no
	generated_content=no
	layer="env_effect_layer"
	entity="env_snow_plains"
	count=0
}
object={
	name="env_snow_plains_ambient"
	clamp_to_water_level=yes
	render_under_water=no
	generated_content=no
	layer="env_effect_layer"
	entity="env_snow_plains_ambient"
	count=0
}
object={
	name="waterfall"
	clamp_to_water_level=yes
	render_under_water=no
	generated_content=no
	layer="coast_foam_layer"
	entity="waterfall"
	count=0
}
object={
	name="waterfall_bottom"
	clamp_to_water_level=yes
	render_under_water=no
	generated_content=no
	layer="coast_foam_layer"
	entity="waterfall_bottom"
	count=0
}
