object={
	name="crater_lakes"
	clamp_to_water_level=no
	render_under_water=no
	generated_content=no
	layer="lake_layer"
	pdxmesh="craterlake_mesh"
	count=453
	transform="5464.745605 5.233765 1209.750000 0.000000 0.089601 0.000000 0.995978 20.134007 20.134007 20.134007
6395.252930 0.689941 1876.028076 0.000000 0.000000 0.000000 1.000000 2.721457 2.721457 2.721457
6406.612793 0.645751 1862.490234 0.000000 0.000000 0.000000 1.000000 3.295810 3.295810 3.295810
6317.079102 0.543579 1825.130249 0.000000 0.000000 0.000000 1.000000 3.065989 3.065989 3.065989
6310.697754 0.364258 1827.782349 0.000000 0.000000 0.000000 1.000000 3.172058 3.172058 3.172058
6330.969727 0.549438 1848.480103 0.000000 0.000000 0.000000 1.000000 3.186918 3.186918 3.186918
6191.715332 0.281494 1849.722412 0.000000 0.000000 0.000000 1.000000 3.186918 3.186918 3.186918
6211.441895 0.531494 1852.112671 0.000000 0.000000 0.000000 1.000000 3.186918 3.186918 3.186918
6220.733398 1.166503 1858.356812 0.000000 0.000000 0.000000 1.000000 4.027154 4.027154 4.027154
6183.204590 3.052734 1884.638550 0.000000 0.000000 0.000000 1.000000 19.187386 19.187386 19.187386
6266.162109 0.743042 2053.277832 0.000000 0.000000 0.000000 1.000000 11.633473 11.633473 11.633473
6217.859375 3.351928 1930.675537 0.000000 0.000000 0.000000 1.000000 6.526525 6.526525 6.526525
6228.035156 0.715454 1911.482910 0.000000 0.000000 0.000000 1.000000 3.685028 3.685028 3.685028
6208.564453 3.634399 1907.006348 0.000000 0.000000 0.000000 1.000000 11.005377 11.005377 11.005377
5851.744629 1.325073 2210.704590 0.000000 0.000000 0.000000 1.000000 4.629607 4.629607 4.629607
5844.613770 0.728394 2217.225586 0.000000 0.000000 0.000000 1.000000 7.542642 7.542642 7.542642
5974.547363 1.320434 2286.054932 0.000000 0.000000 0.000000 1.000000 10.851413 10.851413 10.851413
5991.416504 0.863403 2288.773193 0.000000 0.000000 0.000000 1.000000 3.795904 3.795904 3.795904
6003.145508 0.757934 2257.330566 0.000000 0.000000 0.000000 1.000000 6.540478 6.540478 6.540478
6008.888672 0.465209 2234.941406 0.000000 0.000000 0.000000 1.000000 7.506037 7.506037 7.506037
6003.589355 0.623657 2241.409912 0.000000 0.000000 0.000000 1.000000 5.154468 5.154468 5.154468
5958.301758 1.834106 2259.809570 0.000000 0.000000 0.000000 1.000000 12.152925 12.152925 12.152925
5901.834961 2.543091 2223.231445 0.000000 0.000000 0.000000 1.000000 7.542642 7.542642 7.542642
5884.171387 3.259400 2199.051270 0.000000 0.000000 0.000000 1.000000 20.885899 20.885899 20.885899
5864.577148 3.137817 2172.111328 0.000000 0.000000 0.000000 1.000000 10.340895 10.340895 10.340895
5520.998535 0.915893 1935.974121 0.000000 0.000000 0.000000 1.000000 2.486293 2.486293 2.486293
5508.930664 0.768555 1924.588013 0.000000 0.000000 0.000000 1.000000 5.101749 5.101749 5.101749
5582.127441 0.719849 1863.059082 0.000000 0.000000 0.000000 1.000000 5.027569 5.027569 5.027569
5455.748535 0.932373 1799.389771 0.000000 0.000000 0.000000 1.000000 4.972842 4.972842 4.972842
5557.095703 1.635742 1761.034790 0.000000 0.000000 0.000000 1.000000 4.972842 4.972842 4.972842
5694.481445 4.639526 1765.130005 0.000000 0.000000 0.000000 1.000000 20.416525 20.416525 20.416525
5814.164551 0.342896 1809.737671 0.000000 0.000000 0.000000 1.000000 5.505170 5.505170 5.505170
5768.820801 0.801026 1805.413208 0.000000 0.000000 0.000000 1.000000 5.505170 5.505170 5.505170
5696.876953 0.080689 1864.806030 0.000000 0.000000 0.000000 1.000000 6.048314 6.048314 6.048314
5697.199219 0.201539 1872.634766 0.000000 0.000000 0.000000 1.000000 6.048314 6.048314 6.048314
5701.205078 5.986330 1841.065186 0.000000 0.000000 0.000000 1.000000 21.333075 21.333075 21.333075
5673.227051 1.716187 1854.886230 0.000000 0.000000 0.000000 1.000000 5.633094 5.633094 5.633094
5645.500977 3.526490 1909.534180 0.000000 0.000000 0.000000 1.000000 7.125412 7.125412 7.125412
5722.710938 2.993408 1958.918213 0.000000 0.000000 0.000000 1.000000 107.392654 107.392654 107.392654
5578.967285 1.049561 1891.290283 0.000000 0.000000 0.000000 1.000000 3.912981 3.912981 3.912981
5619.505859 1.180298 1864.927368 0.000000 0.000000 0.000000 1.000000 6.559307 6.559307 6.559307
5610.939453 1.147949 1867.015869 0.000000 0.000000 0.000000 1.000000 5.505291 5.505291 5.505291
5173.109375 0.075073 1938.237671 0.000000 0.000000 0.000000 1.000000 2.525358 2.525358 2.525358
5130.919434 0.490479 1940.184448 0.000000 0.000000 0.000000 1.000000 3.026740 3.026740 3.026740
5159.128418 0.628785 1946.462646 0.000000 0.000000 0.000000 1.000000 5.700013 5.700013 5.700013
5193.909668 -0.045899 1893.897705 0.000000 0.000000 0.000000 1.000000 8.147915 8.147915 8.147915
5155.552734 1.868285 1934.838135 0.000000 0.000000 0.000000 1.000000 5.700013 5.700013 5.700013
5112.545898 2.411865 1964.025391 0.000000 0.000000 0.000000 1.000000 5.700013 5.700013 5.700013
5362.467773 0.560181 2072.776367 0.000000 0.000000 0.000000 1.000000 4.989539 4.989539 4.989539
5364.209473 2.922242 2066.391113 0.000000 0.000000 0.000000 1.000000 4.989539 4.989539 4.989539
5385.378418 4.647340 2065.960205 0.000000 0.000000 0.000000 1.000000 6.045707 6.045707 6.045707
5525.477051 0.657349 2097.584961 0.000000 0.000000 0.000000 1.000000 4.036555 4.036555 4.036555
5495.772461 0.378784 2079.138184 0.000000 0.000000 0.000000 1.000000 2.972032 2.972032 2.972032
5480.009766 0.787963 2072.115723 0.000000 0.000000 0.000000 1.000000 4.036555 4.036555 4.036555
5462.029785 0.914429 2051.217041 0.000000 0.000000 0.000000 1.000000 4.036555 4.036555 4.036555
5404.975586 4.403686 2062.463135 0.000000 0.000000 0.000000 1.000000 6.922513 6.922513 6.922513
5384.157227 4.626587 2095.949951 0.000000 0.000000 0.000000 1.000000 7.958967 7.958967 7.958967
5320.976562 3.522583 2100.697266 0.000000 0.000000 0.000000 1.000000 5.224982 5.224982 5.224982
5335.536621 5.410767 2119.812988 0.000000 0.000000 0.000000 1.000000 9.637185 9.637185 9.637185
5344.020020 0.364625 2157.406250 0.000000 0.000000 0.000000 1.000000 3.010947 3.010947 3.010947
5344.520508 0.627319 2146.465088 0.000000 0.000000 0.000000 1.000000 4.729938 4.729938 4.729938
5372.045898 1.097046 2162.032471 0.000000 0.000000 0.000000 1.000000 3.559579 3.559579 3.559579
5382.717285 1.164917 2169.703857 0.000000 0.000000 0.000000 1.000000 4.729938 4.729938 4.729938
5409.561523 1.241822 2189.707520 0.000000 0.000000 0.000000 1.000000 4.729938 4.729938 4.729938
5337.807129 2.706178 2204.000732 0.000000 0.000000 0.000000 1.000000 13.330852 13.330852 13.330852
5279.802734 1.699829 2135.100830 0.000000 0.000000 0.000000 1.000000 5.115773 5.115773 5.115773
5200.427734 2.273315 2129.150635 0.000000 0.000000 0.000000 1.000000 5.566561 5.566561 5.566561
5225.917480 4.184937 2071.083252 0.000000 0.000000 0.000000 1.000000 4.934827 4.934827 4.934827
5153.605957 2.473755 1982.101807 0.000000 0.000000 0.000000 1.000000 6.815721 6.815721 6.815721
5181.313477 1.998168 1991.542603 0.000000 0.000000 0.000000 1.000000 5.242813 5.242813 5.242813
5213.644531 5.419435 1957.910767 0.000000 0.000000 0.000000 1.000000 26.579910 26.579910 26.579910
5304.612305 0.334229 1961.094604 0.000000 0.000000 0.000000 1.000000 7.404438 7.404438 7.404438
5283.821777 1.781373 1947.173218 0.000000 0.000000 0.000000 1.000000 12.282009 12.282009 12.282009
5266.991211 2.154175 1940.908813 0.000000 0.000000 0.000000 1.000000 5.423755 5.423755 5.423755
5297.039062 2.019654 1956.317261 0.000000 0.000000 0.000000 1.000000 4.585284 4.585284 4.585284
5339.925293 0.890014 1972.834106 0.000000 0.000000 0.000000 1.000000 3.753712 3.753712 3.753712
5466.551758 5.843750 1906.911499 0.000000 0.000000 0.000000 1.000000 8.497406 8.497406 8.497406
5520.033691 4.674073 1904.186279 0.000000 0.000000 0.000000 1.000000 7.369414 7.369414 7.369414
5582.374023 2.804200 1908.000488 0.000000 0.000000 0.000000 1.000000 5.558084 5.558084 5.558084
5608.255371 5.719115 1916.091553 0.000000 0.000000 0.000000 1.000000 24.043444 24.043444 24.043444
5580.551270 1.412963 2178.210938 0.000000 0.000000 0.000000 1.000000 8.751256 8.751256 8.751256
5721.449707 0.533813 2175.046387 0.000000 0.000000 0.000000 1.000000 3.672201 3.672201 3.672201
5621.624512 0.581421 2218.718262 0.000000 0.000000 0.000000 1.000000 3.170201 3.170201 3.170201
5548.715820 0.325805 2264.565186 0.000000 0.000000 0.000000 1.000000 3.170201 3.170201 3.170201
5590.505859 0.393432 2251.437500 0.000000 0.000000 0.000000 1.000000 3.170201 3.170201 3.170201
5578.049805 0.651000 2236.741455 0.000000 0.000000 0.000000 1.000000 3.170201 3.170201 3.170201
5587.306641 0.498169 2228.281494 0.000000 0.000000 0.000000 1.000000 2.756835 2.756835 2.756835
5523.273926 0.419067 2291.489502 0.000000 0.000000 0.000000 1.000000 7.112532 7.112532 7.112532
5550.802246 0.739135 2323.562988 0.000000 0.000000 0.000000 1.000000 4.044037 4.044037 4.044037
5512.052246 1.184936 2393.366699 0.000000 0.000000 0.000000 1.000000 7.112532 7.112532 7.112532
5481.805664 0.561401 2379.600098 0.000000 0.000000 0.000000 1.000000 4.960518 4.960518 4.960518
5474.169922 1.034058 2367.839111 0.000000 0.000000 0.000000 1.000000 7.786872 7.786872 7.786872
5407.872070 0.696410 2393.965820 0.000000 0.000000 0.000000 1.000000 4.431404 4.431404 4.431404
5409.428223 0.782104 2352.715088 0.000000 0.000000 0.000000 1.000000 4.431404 4.431404 4.431404
5407.845215 1.492797 2384.649658 0.000000 0.000000 0.000000 1.000000 6.977139 6.977139 6.977139
5387.378906 2.534790 2366.827148 0.000000 0.000000 0.000000 1.000000 6.977139 6.977139 6.977139
5424.020508 0.865111 2347.476074 0.000000 0.000000 0.000000 1.000000 5.329298 5.329298 5.329298
5419.854980 1.853881 2335.968994 0.000000 0.000000 0.000000 1.000000 5.329298 5.329298 5.329298
5429.236328 2.996948 2326.542480 0.000000 0.000000 0.000000 1.000000 7.016427 7.016427 7.016427
5388.642090 2.560913 2316.253906 0.000000 0.000000 0.000000 1.000000 7.016427 7.016427 7.016427
5387.281250 2.657836 2290.377197 0.000000 0.000000 0.000000 1.000000 7.016427 7.016427 7.016427
5391.411621 3.031371 2265.970703 0.000000 0.000000 0.000000 1.000000 7.016427 7.016427 7.016427
5479.512207 3.596313 2186.431641 0.000000 0.000000 0.000000 1.000000 14.426927 14.426927 14.426927
5558.733398 1.114868 2083.067627 0.000000 0.000000 0.000000 1.000000 11.654904 11.654904 11.654904
5582.575195 1.320190 2047.283691 0.000000 0.000000 0.000000 1.000000 9.504808 9.504808 9.504808
5528.999512 0.272827 1970.146118 0.000000 0.000000 0.000000 1.000000 3.065557 3.065557 3.065557
5574.472168 0.283448 1950.637939 0.000000 0.000000 0.000000 1.000000 3.065557 3.065557 3.065557
5591.965332 0.342651 1955.202393 0.000000 0.000000 0.000000 1.000000 3.065557 3.065557 3.065557
5566.780273 0.802368 1966.382202 0.000000 0.000000 0.000000 1.000000 3.065557 3.065557 3.065557
5608.471680 0.542115 1968.587158 0.000000 0.000000 0.000000 1.000000 3.065557 3.065557 3.065557
5606.636230 0.337647 1990.388062 0.000000 0.000000 0.000000 1.000000 3.065557 3.065557 3.065557
5602.478516 0.733764 2044.572144 0.000000 0.000000 0.000000 1.000000 6.231680 6.231680 6.231680
5645.964355 1.064941 2032.571655 0.000000 0.000000 0.000000 1.000000 6.922057 6.922057 6.922057
5646.105469 0.910278 2047.204712 0.000000 0.000000 0.000000 1.000000 5.097525 5.097525 5.097525
5667.103516 1.154419 2061.527344 0.000000 0.000000 0.000000 1.000000 9.156054 9.156054 9.156054
5804.867676 1.075562 2211.561035 0.000000 0.000000 0.000000 1.000000 11.553985 11.553985 11.553985
5823.698242 1.011597 2190.070801 0.000000 0.000000 0.000000 1.000000 7.527561 7.527561 7.527561
5787.198242 1.055054 2166.948242 0.000000 0.000000 0.000000 1.000000 3.480667 3.480667 3.480667
5772.732422 0.539672 2162.358398 0.000000 0.000000 0.000000 1.000000 4.016004 4.016004 4.016004
5771.571777 1.288208 2195.298584 0.000000 0.000000 0.000000 1.000000 6.600768 6.600768 6.600768
5741.474609 0.351929 2136.558350 0.000000 0.000000 0.000000 1.000000 3.715497 3.715497 3.715497
5685.673340 1.316773 2144.891846 0.000000 0.000000 0.000000 1.000000 8.851285 8.851285 8.851285
5730.128906 0.645141 2072.727051 0.000000 0.000000 0.000000 1.000000 3.017046 3.017046 3.017046
5772.135742 1.642822 2059.414307 0.000000 0.000000 0.000000 1.000000 14.270979 14.270979 14.270979
5760.734375 0.956910 2075.203857 0.000000 0.000000 0.000000 1.000000 5.594052 5.594052 5.594052
5791.258789 0.659179 2039.926147 0.000000 0.000000 0.000000 1.000000 3.031558 3.031558 3.031558
5801.802246 1.698120 2075.361572 0.000000 0.000000 0.000000 1.000000 4.735076 4.735076 4.735076
5807.256836 3.291626 2123.588867 0.000000 0.000000 0.000000 1.000000 20.175434 20.175434 20.175434
5963.332520 0.093750 2195.972900 0.000000 0.000000 0.000000 1.000000 16.665760 16.665760 16.665760
6005.725098 1.358398 2140.715088 0.000000 0.000000 0.000000 1.000000 50.823841 50.823841 50.823841
6044.219238 -0.176270 2114.187256 0.000000 0.000000 0.000000 1.000000 3.421573 3.421573 3.421573
6008.393555 2.961914 2076.472412 0.000000 0.000000 0.000000 1.000000 6.238723 6.238723 6.238723
6017.998535 2.813965 2051.737305 0.000000 0.000000 0.000000 1.000000 5.513989 5.513989 5.513989
5987.875488 3.320801 2045.113770 0.000000 0.000000 0.000000 1.000000 8.281497 8.281497 8.281497
5986.265625 2.782960 2025.111938 0.000000 0.000000 0.000000 1.000000 12.614497 12.614497 12.614497
5961.810547 2.110718 1942.396118 0.000000 0.000000 0.000000 1.000000 5.450194 5.450194 5.450194
5962.096191 1.859375 1931.064209 0.000000 0.000000 0.000000 1.000000 5.450194 5.450194 5.450194
5979.913086 3.086425 1925.745239 0.000000 0.000000 0.000000 1.000000 7.215020 7.215020 7.215020
5940.040527 3.986328 1907.673706 0.000000 0.000000 0.000000 1.000000 7.215020 7.215020 7.215020
5989.252441 0.349976 1880.036499 0.000000 0.000000 0.000000 1.000000 3.627918 3.627918 3.627918
6012.946289 3.685669 1875.169312 0.000000 0.000000 0.000000 1.000000 6.675181 6.675181 6.675181
6012.381836 3.280030 1916.792847 0.000000 0.000000 0.000000 1.000000 8.553587 8.553587 8.553587
6133.524414 0.869019 2022.979980 0.000000 0.000000 0.000000 1.000000 3.512656 3.512656 3.512656
6134.020996 0.540772 1926.864990 0.000000 0.000000 0.000000 1.000000 3.512656 3.512656 3.512656
6120.937500 0.376100 1932.244141 0.000000 0.000000 0.000000 1.000000 3.571114 3.571114 3.571114
6067.255859 0.607788 1946.147827 0.000000 0.000000 0.000000 1.000000 3.571114 3.571114 3.571114
6042.842773 0.753052 1929.299072 0.000000 0.000000 0.000000 1.000000 3.571114 3.571114 3.571114
6023.225098 3.010255 1940.201904 0.000000 0.000000 0.000000 1.000000 5.293890 5.293890 5.293890
5997.630371 4.401489 1955.875977 0.000000 0.000000 0.000000 1.000000 23.094202 23.094202 23.094202
6035.081055 0.979247 2011.286133 0.000000 0.000000 0.000000 1.000000 4.604683 4.604683 4.604683
6112.560059 0.472534 2014.014893 0.000000 0.000000 0.000000 1.000000 2.866710 2.866710 2.866710
6102.644531 0.359497 2008.237671 0.000000 0.000000 0.000000 1.000000 3.362941 3.362941 3.362941
6049.865234 0.422485 2040.807251 0.000000 0.000000 0.000000 1.000000 5.766677 5.766677 5.766677
6048.152344 1.925049 2027.805908 0.000000 0.000000 0.000000 1.000000 10.078214 10.078214 10.078214
6089.897461 2.489501 1995.064575 0.000000 0.000000 0.000000 1.000000 12.398149 12.398149 12.398149
6123.228027 2.670777 1978.917236 0.000000 0.000000 0.000000 1.000000 8.174296 8.174296 8.174296
5789.414062 0.866822 1977.973022 0.000000 0.000000 0.000000 1.000000 5.848874 5.848874 5.848874
5853.838379 4.156494 1786.181396 0.000000 0.000000 0.000000 1.000000 15.485464 15.485464 15.485464
5850.423828 4.181029 1797.647217 0.000000 0.000000 0.000000 1.000000 13.379023 13.379023 13.379023
5849.846191 0.648559 1804.402222 0.000000 0.000000 0.000000 1.000000 8.232131 8.232131 8.232131
5877.509766 4.253540 1777.376099 0.000000 0.000000 0.000000 1.000000 9.011924 9.011924 9.011924
5966.199219 0.739380 1705.313721 0.000000 0.000000 0.000000 1.000000 4.285894 4.285894 4.285894
5841.151855 0.838135 1700.094116 0.000000 0.000000 0.000000 1.000000 4.285894 4.285894 4.285894
5896.965820 1.123291 1686.390259 0.000000 0.000000 0.000000 1.000000 5.769646 5.769646 5.769646
5820.565430 0.806030 1686.232788 0.000000 0.000000 0.000000 1.000000 2.968771 2.968771 2.968771
5805.087402 0.902954 1725.096191 0.000000 0.000000 0.000000 1.000000 4.500401 4.500401 4.500401
5816.628418 0.535400 1753.462158 0.000000 0.000000 0.000000 1.000000 3.710961 3.710961 3.710961
5846.164551 0.532836 1766.538696 0.000000 0.000000 0.000000 1.000000 3.751906 3.751906 3.751906
5860.523926 0.901000 1738.058838 0.000000 0.000000 0.000000 1.000000 6.766084 6.766084 6.766084
5881.193359 1.097778 1700.220947 0.000000 0.000000 0.000000 1.000000 7.882219 7.882219 7.882219
5871.726074 -0.149048 1690.294312 0.000000 0.000000 0.000000 1.000000 4.072117 4.072117 4.072117
5886.268555 0.592164 1718.153809 0.000000 0.000000 0.000000 1.000000 2.991229 2.991229 2.991229
5908.087891 3.391968 1720.473022 0.000000 0.000000 0.000000 1.000000 5.054323 5.054323 5.054323
5914.517578 3.951293 1734.245117 0.000000 0.000000 0.000000 1.000000 7.616116 7.616116 7.616116
6023.770508 2.857667 1753.483887 0.000000 0.000000 0.000000 1.000000 23.484100 23.484100 23.484100
6003.262695 1.012574 1834.311401 0.000000 0.000000 0.000000 1.000000 5.290288 5.290288 5.290288
5988.785645 0.692505 1830.514404 0.000000 0.000000 0.000000 1.000000 3.819418 3.819418 3.819418
5967.027832 0.872559 1823.556885 0.000000 0.000000 0.000000 1.000000 3.819418 3.819418 3.819418
5972.462402 0.292237 1761.853516 0.000000 0.000000 0.000000 1.000000 2.807217 2.807217 2.807217
5988.562988 0.202637 1731.333252 0.000000 0.000000 0.000000 1.000000 2.807217 2.807217 2.807217
6001.439941 0.202637 1731.777100 0.000000 0.000000 0.000000 1.000000 2.807217 2.807217 2.807217
5994.011719 0.662599 1731.579956 0.000000 0.000000 0.000000 1.000000 4.387849 4.387849 4.387849
5946.442383 0.902833 1730.988770 0.000000 0.000000 0.000000 1.000000 2.424188 2.424188 2.424188
5942.800781 0.198120 1737.261841 0.000000 0.000000 0.000000 1.000000 3.997696 3.997696 3.997696
5953.291504 3.746339 1739.759644 0.000000 0.000000 0.000000 1.000000 13.379551 13.379551 13.379551
5907.227539 5.038331 1780.230347 0.000000 0.000000 0.000000 1.000000 13.379551 13.379551 13.379551
5871.199707 0.460693 1798.393677 0.000000 0.000000 0.000000 1.000000 3.216068 3.216068 3.216068
5867.248535 4.612548 1813.816650 0.000000 0.000000 0.000000 1.000000 12.444368 12.444368 12.444368
5954.975098 4.422486 1849.610352 0.000000 0.000000 0.000000 1.000000 10.117029 10.117029 10.117029
5791.809570 0.412232 1753.578003 0.000000 0.000000 0.000000 1.000000 7.561473 7.561473 7.561473
5775.723633 0.729736 1759.225586 0.000000 0.000000 0.000000 1.000000 2.868903 2.868903 2.868903
5782.797852 0.466431 1841.612549 0.000000 0.000000 0.000000 1.000000 2.603750 2.603750 2.603750
5768.899414 0.704956 1819.029297 0.000000 0.000000 0.000000 1.000000 2.603750 2.603750 2.603750
5760.682129 0.168945 1866.365601 0.000000 0.000000 0.000000 1.000000 5.899902 5.899902 5.899902
5745.386230 0.329102 1861.252319 0.000000 0.000000 0.000000 1.000000 4.206587 4.206587 4.206587
5770.160156 0.264893 1867.778931 0.000000 0.000000 0.000000 1.000000 4.206587 4.206587 4.206587
5813.111816 2.119752 1856.143555 0.000000 0.000000 0.000000 1.000000 4.995703 4.995703 4.995703
5914.998047 0.537964 1838.214966 0.000000 0.000000 0.000000 1.000000 4.443278 4.443278 4.443278
5874.115234 0.470948 1874.529663 0.000000 0.000000 0.000000 1.000000 4.443278 4.443278 4.443278
5900.784180 0.321778 1851.686157 0.000000 0.000000 0.000000 1.000000 3.805750 3.805750 3.805750
5903.607910 0.469727 1870.462769 0.000000 0.000000 0.000000 1.000000 3.805750 3.805750 3.805750
5904.136230 4.195922 1885.947632 0.000000 0.000000 0.000000 1.000000 8.625385 8.625385 8.625385
5872.479980 4.169189 1887.663452 0.000000 0.000000 0.000000 1.000000 8.057663 8.057663 8.057663
5823.327637 0.674561 1948.873047 0.000000 0.000000 0.000000 1.000000 20.839012 20.839012 20.839012
5815.077148 3.844483 1917.980713 0.000000 0.000000 0.000000 1.000000 24.153475 24.153475 24.153475
5821.019531 0.665650 1969.829102 0.000000 0.000000 0.000000 1.000000 4.480762 4.480762 4.480762
5830.273926 0.923829 1971.236206 0.000000 0.000000 0.000000 1.000000 4.480762 4.480762 4.480762
5812.115234 3.028808 1998.881348 0.000000 0.000000 0.000000 1.000000 8.282879 8.282879 8.282879
5846.671875 0.859863 2023.916870 0.000000 0.000000 0.000000 1.000000 3.579285 3.579285 3.579285
6032.029785 2.276123 1977.074707 0.000000 0.000000 0.000000 1.000000 6.273580 6.273580 6.273580
5984.955078 1.556885 1990.718872 0.000000 0.000000 0.000000 1.000000 3.579285 3.579285 3.579285
5955.898438 0.870362 2008.842651 0.000000 0.000000 0.000000 1.000000 2.591900 2.591900 2.591900
5898.818848 0.689209 1997.714233 0.000000 0.000000 0.000000 1.000000 3.143232 3.143232 3.143232
5884.747559 0.678833 2022.060181 0.000000 0.000000 0.000000 1.000000 3.143232 3.143232 3.143232
5898.176758 0.591552 2009.078491 0.000000 0.000000 0.000000 1.000000 3.143232 3.143232 3.143232
5933.866699 0.374512 2019.089233 0.000000 0.000000 0.000000 1.000000 3.913117 3.913117 3.913117
5911.789062 -0.653321 2065.972168 0.000000 0.000000 0.000000 1.000000 79.581497 79.581497 79.581497
5920.944336 2.079102 2086.937256 0.000000 0.000000 0.000000 1.000000 3.432203 3.432203 3.432203
5969.691895 0.339355 2072.679443 0.000000 0.000000 0.000000 1.000000 4.589716 4.589716 4.589716
5986.205566 0.941895 2073.470703 0.000000 0.000000 0.000000 1.000000 3.658483 3.658483 3.658483
5892.111328 0.955567 2138.291992 0.000000 0.000000 0.000000 1.000000 6.236640 6.236640 6.236640
5895.042480 0.612549 2124.632568 0.000000 0.000000 0.000000 1.000000 5.640131 5.640131 5.640131
5878.622559 0.576172 2119.423096 0.000000 0.000000 0.000000 1.000000 5.640131 5.640131 5.640131
5972.300293 0.263916 2100.891602 0.000000 0.000000 0.000000 1.000000 2.575184 2.575184 2.575184
5951.946777 0.855225 2101.572998 0.000000 0.000000 0.000000 1.000000 2.575184 2.575184 2.575184
5966.663574 0.803955 2097.678223 0.000000 0.000000 0.000000 1.000000 4.933865 4.933865 4.933865
5934.541504 0.793946 2236.812500 0.000000 0.000000 0.000000 1.000000 2.833121 2.833121 2.833121
5914.624023 1.708008 2190.329346 0.000000 0.000000 0.000000 1.000000 8.168398 8.168398 8.168398
5908.532227 0.696289 2200.298096 0.000000 0.000000 0.000000 1.000000 4.031007 4.031007 4.031007
5930.048340 0.605713 2209.581055 0.000000 0.000000 0.000000 1.000000 3.703487 3.703487 3.703487
5928.014648 0.778320 2179.767090 0.000000 0.000000 0.000000 1.000000 3.027917 3.027917 3.027917
5930.132812 3.311768 2166.313721 0.000000 0.000000 0.000000 1.000000 7.309958 7.309958 7.309958
5956.872070 2.904786 2170.739746 0.000000 0.000000 0.000000 1.000000 11.636970 11.636970 11.636970
6040.130859 0.379150 2201.829590 0.000000 0.000000 0.000000 1.000000 6.962679 6.962679 6.962679
6133.161133 0.912354 2139.337402 0.000000 0.000000 0.000000 1.000000 2.789812 2.789812 2.789812
6125.223145 0.620117 2159.347168 0.000000 0.000000 0.000000 1.000000 3.763609 3.763609 3.763609
6095.169434 0.430664 2164.453369 0.000000 0.000000 0.000000 1.000000 3.763609 3.763609 3.763609
6124.181152 0.917481 2150.920410 0.000000 0.000000 0.000000 1.000000 3.763609 3.763609 3.763609
6180.926758 0.836670 2124.715088 0.000000 0.000000 0.000000 1.000000 3.763609 3.763609 3.763609
6161.416504 -0.473388 2083.950684 0.000000 0.000000 0.000000 1.000000 11.114095 11.114095 11.114095
6160.318848 0.790040 2109.918945 0.000000 0.000000 0.000000 1.000000 4.960659 4.960659 4.960659
6129.604492 0.561279 2107.661133 0.000000 0.000000 0.000000 1.000000 7.083110 7.083110 7.083110
6110.952148 3.157715 2089.131592 0.000000 0.000000 0.000000 1.000000 20.183922 20.183922 20.183922
6097.904297 0.492675 2058.092285 0.000000 0.000000 0.000000 1.000000 3.988522 3.988522 3.988522
6132.265625 2.552978 2050.725342 0.000000 0.000000 0.000000 1.000000 15.860415 15.860415 15.860415
6141.427246 2.850097 1985.203613 0.000000 0.000000 0.000000 1.000000 12.043660 12.043660 12.043660
6131.047363 2.759400 1952.215332 0.000000 0.000000 0.000000 1.000000 6.975623 6.975623 6.975623
6115.484863 3.184082 1944.690918 0.000000 0.000000 0.000000 1.000000 11.217636 11.217636 11.217636
6128.388672 0.503052 1882.229492 0.000000 0.000000 0.000000 1.000000 2.920293 2.920293 2.920293
6108.927246 0.261597 1897.101929 0.000000 0.000000 0.000000 1.000000 2.786188 2.786188 2.786188
6101.084961 0.346558 1901.756348 0.000000 0.000000 0.000000 1.000000 2.786188 2.786188 2.786188
6075.691895 0.612427 1903.720947 0.000000 0.000000 0.000000 1.000000 6.769869 6.769869 6.769869
6054.154297 3.360229 1902.754395 0.000000 0.000000 0.000000 1.000000 15.270834 15.270834 15.270834
6076.634766 0.577270 1727.104858 0.000000 0.000000 0.000000 1.000000 6.720473 6.720473 6.720473
6135.411133 0.781250 1768.759888 0.000000 0.000000 0.000000 1.000000 6.720473 6.720473 6.720473
6319.223145 2.797852 1719.340698 0.000000 0.000000 0.000000 1.000000 10.389922 10.389922 10.389922
6173.415527 2.895020 1841.612183 0.000000 0.000000 0.000000 1.000000 6.543267 6.543267 6.543267
6253.479004 0.224732 1959.458496 0.000000 0.000000 0.000000 1.000000 5.110982 5.110982 5.110982
6273.908691 0.448486 1949.201294 0.000000 0.000000 0.000000 1.000000 5.110982 5.110982 5.110982
6270.141602 0.871949 1940.880615 0.000000 0.000000 0.000000 1.000000 5.110982 5.110982 5.110982
6269.074219 2.978882 1908.051636 0.000000 0.000000 0.000000 1.000000 6.962761 6.962761 6.962761
6304.734375 2.755983 1907.138916 0.000000 0.000000 0.000000 1.000000 19.965242 19.965242 19.965242
6227.231934 1.325073 1983.339478 0.000000 0.000000 0.000000 1.000000 9.830805 9.830805 9.830805
6270.468262 0.726196 1983.655884 0.000000 0.000000 0.000000 1.000000 5.879721 5.879721 5.879721
6322.081055 0.837280 1946.037598 0.000000 0.000000 0.000000 1.000000 8.257051 8.257051 8.257051
6334.118164 0.811279 1931.788086 0.000000 0.000000 0.000000 1.000000 4.845953 4.845953 4.845953
6374.685547 0.270264 1853.970947 0.000000 0.000000 0.000000 1.000000 16.753767 16.753767 16.753767
6362.065430 3.028075 1880.260376 0.000000 0.000000 0.000000 1.000000 10.840088 10.840088 10.840088
3570.950928 1.003417 2609.446777 0.000000 0.000000 0.000000 1.000000 4.635077 4.635077 4.635077
3714.185059 0.982910 3201.420410 0.000000 0.000000 0.000000 1.000000 5.049581 5.049581 5.049581
3694.141602 0.765136 3177.015625 0.000000 0.000000 0.000000 1.000000 5.049581 5.049581 5.049581
3623.533936 1.251464 3060.335938 0.000000 0.000000 0.000000 1.000000 9.545354 9.545354 9.545354
3828.598389 1.262451 3047.288818 0.000000 0.000000 0.000000 1.000000 7.050601 7.050601 7.050601
3877.849854 0.680908 2972.864014 0.000000 0.000000 0.000000 1.000000 7.050601 7.050601 7.050601
3865.535156 1.121826 2969.994629 0.000000 0.000000 0.000000 1.000000 7.050601 7.050601 7.050601
3819.146973 1.121826 2957.226807 0.000000 0.000000 0.000000 1.000000 7.050601 7.050601 7.050601
3927.431641 0.293457 2891.268066 0.000000 0.000000 0.000000 1.000000 7.050601 7.050601 7.050601
3895.952393 1.163574 2894.654541 0.000000 0.000000 0.000000 1.000000 7.946306 7.946306 7.946306
3790.264893 1.111328 2895.740479 0.000000 0.000000 0.000000 1.000000 7.946306 7.946306 7.946306
3877.769043 1.111328 2777.903320 0.000000 0.000000 0.000000 1.000000 11.902750 11.902750 11.902750
3520.689453 0.310302 2576.891602 0.000000 0.000000 0.000000 1.000000 5.844775 5.844775 5.844775
1187.694214 3.149902 2630.247314 0.000000 0.000000 0.000000 1.000000 10.038174 10.038174 10.038174
1064.578003 0.315674 2547.573975 0.000000 0.000000 0.000000 1.000000 3.626418 3.626418 3.626418
1047.307861 0.332275 2573.968018 0.000000 0.000000 0.000000 1.000000 3.626418 3.626418 3.626418
912.818359 -1.228027 2783.395996 0.000000 0.000000 0.000000 1.000000 39.635479 39.635479 39.635479
914.044922 0.438233 2715.102539 0.000000 0.000000 0.000000 1.000000 14.927373 14.927373 14.927373
943.258606 -1.525879 2738.452637 0.000000 0.000000 0.000000 1.000000 42.688049 42.688049 42.688049
911.452332 0.658691 2642.332275 0.000000 0.000000 0.000000 1.000000 4.134187 4.134187 4.134187
951.709778 1.093506 2597.495605 0.000000 0.000000 0.000000 1.000000 8.813630 8.813630 8.813630
1027.839600 0.783448 2574.310059 0.000000 0.000000 0.000000 1.000000 3.626418 3.626418 3.626418
976.974365 0.568604 2645.081787 0.000000 0.000000 0.000000 1.000000 3.626418 3.626418 3.626418
1041.786255 0.733886 2634.263184 0.000000 0.000000 0.000000 1.000000 3.626418 3.626418 3.626418
1089.873413 0.423584 2657.046387 0.000000 0.000000 0.000000 1.000000 3.626418 3.626418 3.626418
1163.072144 0.366699 2725.718018 0.000000 0.000000 0.000000 1.000000 3.626418 3.626418 3.626418
1197.271240 1.068115 2777.461182 0.000000 0.000000 0.000000 1.000000 3.626418 3.626418 3.626418
1194.565918 0.254150 2746.052979 0.000000 0.000000 0.000000 1.000000 3.626418 3.626418 3.626418
1198.043701 0.629394 2756.457275 0.000000 0.000000 0.000000 1.000000 3.626418 3.626418 3.626418
1203.507324 0.634033 2771.473389 0.000000 0.000000 0.000000 1.000000 3.626418 3.626418 3.626418
1213.041748 0.997314 2767.864258 0.000000 0.000000 0.000000 1.000000 5.357937 5.357937 5.357937
1250.667114 1.089600 2793.659180 0.000000 0.000000 0.000000 1.000000 5.357937 5.357937 5.357937
1208.629272 0.746826 2808.955566 0.000000 0.000000 0.000000 1.000000 5.357937 5.357937 5.357937
1212.339966 0.561523 2822.114990 0.000000 0.000000 0.000000 1.000000 5.357937 5.357937 5.357937
1170.534790 1.106445 2854.510498 0.000000 0.000000 0.000000 1.000000 4.491907 4.491907 4.491907
1151.247437 0.653808 2865.263184 0.000000 0.000000 0.000000 1.000000 3.634125 3.634125 3.634125
1129.857178 0.217285 2859.460693 0.000000 0.000000 0.000000 1.000000 3.634125 3.634125 3.634125
1112.433838 1.355713 2871.212402 0.000000 0.000000 0.000000 1.000000 4.512498 4.512498 4.512498
965.468750 0.723388 2782.024902 0.000000 0.000000 0.000000 1.000000 5.483814 5.483814 5.483814
1053.569702 0.794922 2753.165039 0.000000 0.000000 0.000000 1.000000 5.483814 5.483814 5.483814
1059.152222 1.426757 2720.498291 0.000000 0.000000 0.000000 1.000000 5.483814 5.483814 5.483814
6281.450195 0.877686 1706.927002 0.000000 0.000000 0.000000 1.000000 11.001549 11.001549 11.001549
5280.447266 -0.970092 1860.033569 0.000000 0.000000 0.000000 1.000000 11.568280 11.568280 11.568280
5941.109375 0.329712 1922.811523 0.000000 0.000000 0.000000 1.000000 2.418678 2.418678 2.418678
5922.584473 0.365600 1927.783081 0.000000 0.000000 0.000000 1.000000 2.418678 2.418678 2.418678
5900.377930 2.146851 1928.457031 0.000000 0.000000 0.000000 1.000000 4.873527 4.873527 4.873527
5861.071289 0.291992 1919.568115 0.000000 0.000000 0.000000 1.000000 2.771610 2.771610 2.771610
5874.388184 0.507324 1927.170288 0.000000 0.000000 0.000000 1.000000 2.771610 2.771610 2.771610
5721.250977 0.626343 1285.623657 0.000000 -0.086744 0.000000 0.996231 76.844040 76.844040 76.844040
5584.379395 4.297729 1306.979126 0.000000 -0.086744 0.000000 0.996231 155.806854 155.806854 155.806854
1475.287231 2.611511 562.517090 0.000000 0.000000 0.000000 1.000000 511.384979 511.384979 511.384979
910.767578 0.618408 622.441833 0.000000 0.000000 0.000000 1.000000 85.397278 85.397278 85.397278
5269.232910 0.522705 3316.054932 0.000000 0.000000 0.000000 1.000000 6.821294 6.821294 6.821294
5152.057129 0.292480 2962.292725 0.000000 0.000000 0.000000 1.000000 10.039513 10.039513 10.039513
5138.110352 1.320557 2942.096436 0.000000 0.000000 0.000000 1.000000 6.287685 6.287685 6.287685
5154.004395 2.589844 2977.323242 0.000000 0.000000 0.000000 1.000000 10.039513 10.039513 10.039513
5096.257324 3.290772 2985.350098 0.000000 0.000000 0.000000 1.000000 10.039513 10.039513 10.039513
4976.341797 0.572998 2961.729004 0.000000 0.000000 0.000000 1.000000 4.457604 4.457604 4.457604
4955.876953 1.089844 2993.152100 0.000000 0.000000 0.000000 1.000000 8.370014 8.370014 8.370014
4951.506348 1.022949 2979.276855 0.000000 0.000000 0.000000 1.000000 6.480461 6.480461 6.480461
4897.515625 0.913330 2996.338379 0.000000 0.000000 0.000000 1.000000 6.480461 6.480461 6.480461
4862.991699 0.335449 3013.381592 0.000000 0.000000 0.000000 1.000000 6.480461 6.480461 6.480461
4819.687012 3.362792 3094.637451 0.000000 0.000000 0.000000 1.000000 16.411505 16.411505 16.411505
4955.699219 2.778564 3352.812012 0.000000 0.000000 0.000000 1.000000 16.063757 16.063757 16.063757
5126.408691 0.388428 3367.921387 0.000000 0.000000 0.000000 1.000000 11.400369 11.400369 11.400369
5200.094238 0.388428 3370.122314 0.000000 0.000000 0.000000 1.000000 11.400369 11.400369 11.400369
5179.311035 0.383301 3350.143799 0.000000 0.000000 0.000000 1.000000 11.400369 11.400369 11.400369
5233.363281 1.041992 3326.159424 0.000000 0.000000 0.000000 1.000000 11.400369 11.400369 11.400369
5312.807617 3.652344 3344.366455 0.000000 0.000000 0.000000 1.000000 11.400369 11.400369 11.400369
5489.821777 0.859375 3261.160156 0.000000 0.000000 0.000000 1.000000 3.826277 3.826277 3.826277
5433.425293 0.345459 3183.176514 0.000000 0.000000 0.000000 1.000000 7.106390 7.106390 7.106390
5391.322266 1.240723 3202.827393 0.000000 0.000000 0.000000 1.000000 7.106390 7.106390 7.106390
5397.546387 1.028564 3134.374756 0.000000 0.000000 0.000000 1.000000 7.106390 7.106390 7.106390
5390.755371 1.515136 3147.631348 0.000000 0.000000 0.000000 1.000000 7.106390 7.106390 7.106390
5341.927246 1.493165 3186.589111 0.000000 0.000000 0.000000 1.000000 7.106390 7.106390 7.106390
5381.520996 3.739990 3222.188965 0.000000 0.000000 0.000000 1.000000 15.244003 15.244003 15.244003
1921.532837 0.358521 1791.047241 0.000000 0.000000 0.000000 1.000000 17.011181 17.011181 17.011181
4687.135742 0.512939 1765.118408 0.000000 0.000000 0.000000 1.000000 39.475758 39.475758 39.475758
4649.335938 3.204834 1825.129517 0.000000 0.000000 0.000000 1.000000 47.945889 47.945889 47.945889
4620.975098 2.679077 1690.183105 0.000000 0.000000 0.000000 1.000000 63.548256 63.548256 63.548256
4552.738281 -4.084595 1740.381470 0.000000 0.000000 0.000000 1.000000 63.548256 63.548256 63.548256
4536.067871 -3.380005 1878.543213 0.000000 0.000000 0.000000 1.000000 81.550926 81.550926 81.550926
4595.016113 -1.167969 1952.559448 0.000000 0.000000 0.000000 1.000000 17.172434 17.172434 17.172434
4601.796387 0.551147 1971.609863 0.000000 0.000000 0.000000 1.000000 10.083602 10.083602 10.083602
5091.516602 5.465332 1856.276245 0.000000 0.000000 0.000000 1.000000 10.435833 10.435833 10.435833
6171.253418 0.455505 1017.221924 0.000000 0.000000 0.000000 1.000000 10.470111 10.470111 10.470111
6150.427734 0.455505 1010.760437 0.000000 0.000000 0.000000 1.000000 10.470111 10.470111 10.470111
2088.937012 1.550415 1450.188843 0.000000 0.000000 0.000000 1.000000 25.220184 25.220184 25.220184
2160.088135 1.403809 1610.621338 0.000000 0.000000 0.000000 1.000000 23.691036 23.691036 23.691036
2043.204712 0.709106 1457.430176 0.000000 0.000000 0.000000 1.000000 12.227160 12.227160 12.227160
2165.365479 1.446289 1526.201904 0.000000 0.000000 0.000000 1.000000 20.247017 20.247017 20.247017
2155.125977 0.911743 1492.895264 0.000000 0.000000 0.000000 1.000000 12.227160 12.227160 12.227160
2120.532471 1.790283 1492.262085 0.000000 0.000000 0.000000 1.000000 12.227160 12.227160 12.227160
2043.622437 1.790283 1466.385986 0.000000 0.000000 0.000000 1.000000 12.227160 12.227160 12.227160
2750.400879 1.236084 1441.431763 0.000000 0.000000 0.000000 1.000000 40.461617 40.461617 40.461617
2799.354248 0.766968 1496.128906 0.000000 0.000000 0.000000 1.000000 16.978909 16.978909 16.978909
2934.936523 0.690674 1591.435425 0.000000 0.000000 0.000000 1.000000 7.380480 7.380480 7.380480
2942.074951 0.728882 1584.811890 0.000000 0.000000 0.000000 1.000000 3.332905 3.332905 3.332905
2935.334473 0.772583 1573.588745 0.000000 0.000000 0.000000 1.000000 11.567665 11.567665 11.567665
2796.482178 0.836060 1646.570190 0.000000 0.000000 0.000000 1.000000 12.209222 12.209222 12.209222
2907.794189 0.114380 1447.773926 0.000000 0.000000 0.000000 1.000000 34.843777 34.843777 34.843777
2873.529785 0.516724 1470.783569 0.000000 0.000000 0.000000 1.000000 17.163588 17.163588 17.163588
2871.436035 0.845581 1530.743530 0.000000 0.000000 0.000000 1.000000 20.329441 20.329441 20.329441
2730.857666 0.053223 1360.373657 0.000000 0.000000 0.000000 1.000000 56.724316 56.724316 56.724316
2705.185303 0.625000 1455.841553 0.000000 0.000000 0.000000 1.000000 14.686596 14.686596 14.686596
2741.829590 -0.016602 1526.611328 0.000000 0.000000 0.000000 1.000000 14.686596 14.686596 14.686596
2734.109375 0.470337 1575.333496 0.000000 0.000000 0.000000 1.000000 14.686596 14.686596 14.686596
2754.346436 0.702271 1533.856079 0.000000 0.000000 0.000000 1.000000 5.905567 5.905567 5.905567
2773.727539 0.849121 1545.949463 0.000000 0.000000 0.000000 1.000000 5.905567 5.905567 5.905567
2799.610352 0.748779 1550.706787 0.000000 0.000000 0.000000 1.000000 12.918133 12.918133 12.918133
2818.045410 1.250000 1567.833984 0.000000 0.000000 0.000000 1.000000 12.918133 12.918133 12.918133
2845.350342 0.869995 1575.401855 0.000000 0.000000 0.000000 1.000000 12.364508 12.364508 12.364508
2945.575439 2.378784 1543.342285 0.000000 0.000000 0.000000 1.000000 22.553871 22.553871 22.553871
2808.639404 0.651245 1431.460938 0.000000 0.000000 0.000000 1.000000 7.617413 7.617413 7.617413
2786.576904 1.655151 1421.836548 0.000000 0.000000 0.000000 1.000000 10.103108 10.103108 10.103108
2782.883789 1.022705 1419.290283 0.000000 0.000000 0.000000 1.000000 10.103108 10.103108 10.103108
2805.862061 0.332886 1453.785645 0.000000 0.000000 0.000000 1.000000 10.176537 10.176537 10.176537
2782.802979 1.019531 1503.534546 0.000000 0.000000 0.000000 1.000000 11.220666 11.220666 11.220666
2780.736816 0.303955 1478.832764 0.000000 0.000000 0.000000 1.000000 18.286289 18.286289 18.286289
3032.029297 0.933472 1475.596802 0.000000 0.000000 0.000000 1.000000 7.989946 7.989946 7.989946
5206.591797 0.412354 3073.927246 0.000000 0.000000 0.000000 1.000000 8.407714 8.407714 8.407714
5230.331543 0.639893 3093.242920 0.000000 0.000000 0.000000 1.000000 5.074336 5.074336 5.074336
5240.054688 0.639893 3089.617920 0.000000 0.000000 0.000000 1.000000 5.074336 5.074336 5.074336
5355.158691 3.078369 3091.316895 0.000000 0.000000 0.000000 1.000000 9.108374 9.108374 9.108374
5365.320312 2.835694 2995.485352 0.000000 0.000000 0.000000 1.000000 6.017299 6.017299 6.017299
5373.750488 1.156982 3001.989502 0.000000 0.000000 0.000000 1.000000 4.865757 4.865757 4.865757
5044.678223 0.881836 3261.029297 0.000000 0.000000 0.000000 1.000000 4.786374 4.786374 4.786374
4550.262207 1.044678 3185.662598 0.000000 0.000000 0.000000 1.000000 6.421753 6.421753 6.421753
4566.280762 1.427246 3191.624268 0.000000 0.000000 0.000000 1.000000 9.061424 9.061424 9.061424
4858.029785 0.997314 3325.151367 0.000000 0.000000 0.000000 1.000000 6.143727 6.143727 6.143727
4878.168945 0.864014 3089.789062 0.000000 0.000000 0.000000 1.000000 7.084848 7.084848 7.084848
5036.279297 0.161133 3371.443359 0.000000 0.000000 0.000000 1.000000 6.606602 6.606602 6.606602
5555.230469 0.117920 552.401245 0.000000 0.000000 0.000000 1.000000 172.348206 172.348206 172.348206
5224.011230 4.808228 1396.636475 0.000000 0.000000 0.000000 1.000000 279.094788 279.094788 279.094788
4991.120117 4.850952 1181.056763 0.000000 0.000000 0.000000 1.000000 232.935028 232.935028 232.935028
5014.847656 0.101318 3368.476807 0.000000 0.000000 0.000000 1.000000 31.620279 31.620279 31.620279
5076.485352 1.197021 2937.879150 0.000000 0.000000 0.000000 1.000000 8.519507 8.519507 8.519507
5013.979980 2.353515 2971.112549 0.000000 0.000000 0.000000 1.000000 56.356438 56.356438 56.356438
5857.836914 2.883179 2009.536377 0.000000 0.000000 0.000000 1.000000 24.578508 24.578508 24.578508
5942.854980 2.302612 1996.272461 0.000000 0.000000 0.000000 1.000000 17.071484 17.071484 17.071484
5893.432129 2.874023 1993.708618 0.000000 0.000000 0.000000 1.000000 17.071484 17.071484 17.071484
5200.180176 2.686768 3345.846191 0.000000 0.000000 0.000000 1.000000 81.912384 81.912384 81.912384
5429.442383 -0.017578 3376.421143 0.000000 0.000000 0.000000 1.000000 43.797348 43.797348 43.797348
5769.010254 0.005127 2089.971924 0.000000 0.000000 0.000000 1.000000 17.851580 17.851580 17.851580
5493.184570 2.842774 2577.920410 0.000000 0.000000 0.000000 1.000000 13.093227 13.093227 13.093227
5602.222656 1.334595 1777.745850 0.000000 0.000000 0.000000 1.000000 4.825457 4.825457 4.825457
5534.826172 0.651855 1795.536743 0.000000 0.000000 0.000000 1.000000 4.106121 4.106121 4.106121
5544.603027 1.055176 1791.833984 0.000000 0.000000 0.000000 1.000000 5.475094 5.475094 5.475094
5581.560547 1.057007 1788.457886 0.000000 0.000000 0.000000 1.000000 5.475094 5.475094 5.475094
5594.763672 1.613037 1784.313721 0.000000 0.000000 0.000000 1.000000 7.129999 7.129999 7.129999
5574.527344 0.807861 1802.874512 0.000000 0.000000 0.000000 1.000000 4.051978 4.051978 4.051978
5524.592285 1.414917 1821.898560 0.000000 0.000000 0.000000 1.000000 3.464864 3.464864 3.464864
5648.261230 5.905640 1561.670410 0.000000 0.000000 0.000000 1.000000 18.323301 18.323301 18.323301
5651.083496 5.905640 1510.021729 0.000000 0.000000 0.000000 1.000000 18.323301 18.323301 18.323301
6146.146973 2.564453 2011.864502 0.000000 0.000000 0.000000 1.000000 10.139508 10.139508 10.139508
5806.059570 2.866211 2054.054688 0.000000 0.000000 0.000000 1.000000 13.381225 13.381225 13.381225
7615.619629 3.010498 657.502808 0.000000 0.000000 0.000000 1.000000 371.417633 371.417633 371.417633
2859.156982 -0.071045 1386.142944 0.000000 0.000000 0.000000 1.000000 133.552338 133.552338 133.552338
3248.936035 3.107666 1171.222656 0.000000 0.000000 0.000000 1.000000 91.539284 91.539284 91.539284
5155.248535 0.281860 1010.377625 0.000000 0.000000 0.000000 1.000000 12.309765 12.309765 12.309765
5186.763672 5.820190 990.771912 0.000000 0.000000 0.000000 1.000000 12.309765 12.309765 12.309765
5163.298340 6.554688 963.675964 0.000000 0.000000 0.000000 1.000000 25.520794 25.520794 25.520794
5232.218750 5.550903 1002.600220 0.000000 0.000000 0.000000 1.000000 18.624239 18.624239 18.624239
5282.678223 6.179810 1035.740723 0.000000 0.000000 0.000000 1.000000 8.146504 8.146504 8.146504
5314.710938 2.649170 1033.774048 0.000000 0.000000 0.000000 1.000000 11.134199 11.134199 11.134199
5366.774414 0.422363 1044.085327 0.000000 0.000000 0.000000 1.000000 14.109359 14.109359 14.109359
5391.647461 5.235962 1086.970337 0.000000 0.000000 0.000000 1.000000 14.109359 14.109359 14.109359
5325.961914 5.695557 1128.473877 0.000000 0.000000 0.000000 1.000000 9.760790 9.760790 9.760790
5292.734375 6.542725 1093.773926 0.000000 0.000000 0.000000 1.000000 9.760790 9.760790 9.760790
5322.350586 2.369751 1097.902710 0.000000 0.000000 0.000000 1.000000 17.902649 17.902649 17.902649
5266.840332 6.709229 1069.434204 0.000000 0.000000 0.000000 1.000000 25.948072 25.948072 25.948072
6512.786133 2.632568 1434.586792 0.000000 0.000000 0.000000 1.000000 5.906453 5.906453 5.906453
6438.153809 3.311768 1529.316162 0.000000 0.000000 0.000000 1.000000 15.275536 15.275536 15.275536
6465.324707 3.081421 1529.203369 0.000000 0.000000 0.000000 1.000000 14.310551 14.310551 14.310551
6523.446777 2.853027 1524.913574 0.000000 0.000000 0.000000 1.000000 7.102561 7.102561 7.102561
6496.763184 2.674927 1498.487427 0.000000 0.000000 0.000000 1.000000 12.190273 12.190273 12.190273
6485.400391 3.133301 1386.766357 0.000000 0.000000 0.000000 1.000000 9.508924 9.508924 9.508924
6502.744629 3.184937 1413.856445 0.000000 0.000000 0.000000 1.000000 19.318575 19.318575 19.318575
6445.138672 2.303345 1356.625854 0.000000 0.000000 0.000000 1.000000 34.373852 34.373852 34.373852
6387.075195 3.691650 1380.123657 0.000000 0.000000 0.000000 1.000000 34.373852 34.373852 34.373852
6441.716797 2.309814 1445.060303 0.000000 0.000000 0.000000 1.000000 72.361832 72.361832 72.361832
3646.922363 2.475342 2157.274658 0.000000 0.000000 0.000000 1.000000 62.022060 62.022060 62.022060
4856.780273 1.331543 3326.955566 0.000000 0.000000 0.000000 1.000000 11.542062 11.542062 11.542062
4951.882324 2.366943 3298.571533 0.000000 0.000000 0.000000 1.000000 24.229340 24.229340 24.229340
5957.215820 2.375000 1233.446167 0.000000 0.000000 0.000000 1.000000 76.190613 76.190613 76.190613
"}
object={
	name="lakes"
	clamp_to_water_level=no
	render_under_water=no
	generated_content=no
	layer="lake_layer"
	pdxmesh="lake_mesh"
	count=43
	transform="4819.986816 -0.567871 1687.508789 0.000000 -0.163087 0.000000 0.986612 52.083988 52.083988 52.083988
5165.669922 2.200439 963.672180 0.000000 -0.365818 0.000000 0.930686 49.894787 49.894787 49.894787
4954.007324 2.176331 969.328308 0.000000 -0.069828 0.000000 0.997559 22.198015 22.198015 22.198015
4690.415039 1.758179 754.352112 0.000000 -0.069828 0.000000 0.997559 17.612558 17.612558 17.612558
4800.191406 1.739319 689.794922 0.000000 0.000000 0.000000 1.000000 28.178846 28.178846 28.178846
5434.271973 0.991577 614.300598 0.000000 0.000000 0.000000 1.000000 56.671768 56.671768 56.671768
5057.793945 2.598754 1903.440918 0.000000 -0.999964 0.000000 0.008601 21.810694 21.810694 21.810694
5141.636230 7.381592 1895.827515 0.000000 -0.995945 0.000000 0.089961 62.104191 62.104191 62.104191
5261.338379 0.620727 2014.432251 0.000000 0.988584 0.000000 -0.150674 69.796448 69.796448 69.796448
5725.486816 1.310913 1807.558228 0.000000 0.992728 0.000000 -0.120378 25.424992 25.424992 25.424992
5672.719727 -0.277099 1790.423828 0.000000 0.992728 0.000000 -0.120378 18.630667 18.630667 18.630667
5505.564941 -0.107179 1889.885864 0.000000 0.992728 0.000000 -0.120378 17.206587 17.206587 17.206587
5342.489746 6.855347 1999.777588 0.000000 0.998337 0.000000 -0.057651 37.840942 37.840942 37.840942
5910.244629 1.402099 1746.275635 0.000000 -0.050272 0.000000 0.998736 14.849199 14.849199 14.849199
2074.252686 -1.782166 1025.631714 0.000000 0.000000 0.000000 1.000000 395.874237 395.874237 395.874237
5492.480957 -0.041260 2780.524902 0.000000 -0.109096 0.000000 0.994031 36.386311 36.386311 36.386311
1377.741699 0.325806 1065.349365 0.000000 0.735622 0.000000 0.677393 161.799149 161.799149 161.799149
5051.350586 -0.070801 3157.546631 0.000000 -0.386685 0.000000 0.922212 170.309219 170.309219 170.309219
4704.763184 1.963135 1892.238525 0.000000 0.154711 0.000000 0.987960 6.560210 6.560210 6.560210
4747.789062 0.731445 1893.687012 0.000000 0.052039 0.000000 0.998645 94.209045 94.209045 94.209045
4793.015625 -2.248291 1827.085815 0.000000 0.100599 0.000000 0.994927 114.843094 114.843094 114.843094
4698.493164 3.017090 1891.974731 0.000000 -0.074212 0.000000 0.997242 10.355365 10.355365 10.355365
4679.123047 1.104492 1895.049316 0.000000 -0.003357 0.000000 0.999994 16.844946 16.844946 16.844946
4653.724121 -3.017700 1908.529053 0.000000 -0.501657 0.000000 0.865067 38.458736 38.458736 38.458736
4918.902832 1.899902 1923.394653 0.000000 0.011291 0.000000 0.999936 119.154938 119.154938 119.154938
5076.750488 -0.149780 1874.129639 0.000000 0.055148 0.000000 0.998478 8.486488 8.486488 8.486488
5039.711426 -0.305176 1877.301514 0.000000 0.055148 0.000000 0.998478 21.557665 21.557665 21.557665
4977.926270 -0.340820 1877.722168 0.000000 -0.040028 0.000000 0.999199 21.557665 21.557665 21.557665
2989.384277 0.154663 1472.537964 0.000000 0.985707 0.000000 0.168469 40.502129 40.502129 40.502129
5291.474121 -0.262695 3273.721680 0.000000 -0.247641 0.000000 0.968852 33.723076 33.723076 33.723076
5004.764160 0.343750 3226.722168 0.000000 -0.207407 0.000000 0.978255 13.037523 13.037523 13.037523
5077.539551 -0.044678 3372.248535 0.000000 -0.411364 0.000000 0.911471 98.845795 98.845795 98.845795
5238.757812 -0.160156 2937.584717 0.000000 -0.169526 0.000000 0.985526 53.194401 53.194401 53.194401
5439.538574 0.576171 1981.954346 0.000000 0.097197 0.000000 0.995265 43.531609 43.531609 43.531609
5169.682617 -0.105957 3114.563721 0.000000 -0.352717 0.000000 0.935730 67.393410 67.393410 67.393410
5243.355957 0.265137 3244.005859 0.000000 -0.288445 0.000000 0.957496 32.622959 32.622959 32.622959
5253.090820 0.000000 3168.431885 0.000000 0.000000 0.000000 1.000000 1.000000 1.000000 1.000000
5089.603516 0.893799 2925.227539 0.000000 -0.328098 0.000000 0.944644 12.681473 12.681473 12.681473
5443.447266 0.496094 2195.432373 0.000000 -0.755079 0.000000 0.655634 28.393974 28.393974 28.393974
5553.058105 2.349365 1461.722046 0.000000 0.000000 0.000000 1.000000 41.407864 41.407864 41.407864
5593.907227 -0.619873 1594.080688 0.000000 0.072081 0.000000 0.997399 41.514698 41.514698 41.514698
4924.980469 2.488281 3176.286133 0.000000 -0.363090 0.000000 0.931754 42.576488 42.576488 42.576488
3683.092529 0.000000 2263.136475 0.000000 0.630731 0.000000 0.776001 28.986456 28.986456 28.986456
"}
